mkbrainmask-sess
s004
$Id: mkbrainmask-sess,v 1.26 2015/12/10 22:51:30 zkaufman Exp $
Linux compute0784 3.10.0-862.9.1.el7.x86_64 #1 SMP Mon Jul 16 16:29:36 UTC 2018 x86_64 x86_64 x86_64 GNU/Linux
Thu Mar  5 16:38:17 EST 2020
/scratch/groups/lisik3/mcmahoneg/mri_data_anlys/studies/cont_actions/analysis
/software/apps/freesurfer/6.0.0/fsfast/bin/mkbrainmask-sess -maskstem brain -fsd bold -s s004 -d /scratch/groups/lisik3/mcmahoneg/mri_data_anlys/studies/cont_actions/unpackdata -per-run
ProjectDir /scratch/groups/lisik3/mcmahoneg/mri_data_anlys/studies/cont_actions/analysis
------------------------------------------------
/scratch/groups/lisik3/mcmahoneg/mri_data_anlys/studies/cont_actions/unpackdata/s004 
Thu Mar  5 16:38:17 EST 2020
mkbrainmask -i template.nii.gz -o masks/brain.nii.gz -reg /scratch/groups/lisik3/mcmahoneg/mri_data_anlys/studies/cont_actions/unpackdata/s004/bold/register.dof6.lta -ndil 1 -nerode 0
Thu Mar  5 16:38:17 EST 2020

setenv SUBJECTS_DIR /scratch/groups/lisik3/mcmahoneg/mri_data_anlys/subjects
cd /scratch/groups/lisik3/mcmahoneg/mri_data_anlys/studies/cont_actions/unpackdata/s004/bold
/software/apps/freesurfer/6.0.0/fsfast/bin/mkbrainmask -i template.nii.gz -o masks/brain.nii.gz -reg /scratch/groups/lisik3/mcmahoneg/mri_data_anlys/studies/cont_actions/unpackdata/s004/bold/register.dof6.lta -ndil 1 -nerode 0

freesurfer-Linux-centos6_x86_64-stable-pub-v6.0.0-2beb96c
$Id: mkbrainmask,v 1.17 2015/12/10 22:51:30 zkaufman Exp $
Linux compute0784 3.10.0-862.9.1.el7.x86_64 #1 SMP Mon Jul 16 16:29:36 UTC 2018 x86_64 x86_64 x86_64 GNU/Linux
mri_vol2vol --mov template.nii.gz --reg /scratch/groups/lisik3/mcmahoneg/mri_data_anlys/studies/cont_actions/unpackdata/s004/bold/register.dof6.lta --inv --interp nearest --o masks/brain.nii.gz --targ /scratch/groups/lisik3/mcmahoneg/mri_data_anlys/subjects/s004/mri/aparc+aseg.mgz
regio_read_register: loading lta

Matrix from regfile:
 0.99930  -0.03728   0.00354   1.99222;
 0.00076   0.11460   0.99341  -10.37751;
-0.03744  -0.99271   0.11455  -3.82755;
 0.00000   0.00000   0.00000   1.00000;

movvol template.nii.gz
targvol /scratch/groups/lisik3/mcmahoneg/mri_data_anlys/subjects/s004/mri/aparc+aseg.mgz
outvol masks/brain.nii.gz
regfile /scratch/groups/lisik3/mcmahoneg/mri_data_anlys/studies/cont_actions/unpackdata/s004/bold/register.dof6.lta
invert 1
tal    0
talres 2
regheader 0
noresample 0
interp  nearest (0)
precision  float (3)
Gdiag_no  -1
Synth      0
SynthSeed  1584071934

Invert!
Inverting registration

Final tkRAS-to-tkRAS Matrix is:
 0.99930   0.00076  -0.03744  -2.12627;
-0.03728   0.11460  -0.99271  -2.53613;
 0.00354   0.99341   0.11455   10.74052;
 0.00000   0.00000   0.00000   1.00000;


Vox2Vox Matrix is:
 2.74807  -0.10296  -0.00265   24.36665;
 0.00973   0.31500  -3.47694   163.37796;
 0.10252   2.72996   0.40110   5.34628;
 0.00000   0.00000   0.00000   1.00000;

Resampling
Output registration matrix is identity

mri_vol2vol done
mri_binarize --i masks/brain.nii.gz --o masks/brain.nii.gz --min 0.5

$Id: mri_binarize.c,v 1.43 2016/06/09 20:46:21 greve Exp $
cwd /scratch/groups/lisik3/mcmahoneg/mri_data_anlys/studies/cont_actions/unpackdata/s004/bold
cmdline mri_binarize.bin --i masks/brain.nii.gz --o masks/brain.nii.gz --min 0.5 
sysname  Linux
hostname compute0784
machine  x86_64
user     emcmaho7@jhu.edu

input      masks/brain.nii.gz
frame      0
nErode3d   0
nErode2d   0
output     masks/brain.nii.gz
Binarizing based on threshold
min        0.5
max        +infinity
binval        1
binvalnot     0
fstart = 0, fend = 0, nframes = 1
Found 42564 values in range
Counting number of voxels in first frame
Found 42564 voxels in final mask
Count: 42564 1126615.875000 217600 19.560662
mri_binarize done
Diliating 1
mri_binarize --i masks/brain.nii.gz --min 0.5 --dilate 1 --o masks/brain.nii.gz

$Id: mri_binarize.c,v 1.43 2016/06/09 20:46:21 greve Exp $
cwd /scratch/groups/lisik3/mcmahoneg/mri_data_anlys/studies/cont_actions/unpackdata/s004/bold
cmdline mri_binarize.bin --i masks/brain.nii.gz --min 0.5 --dilate 1 --o masks/brain.nii.gz 
sysname  Linux
hostname compute0784
machine  x86_64
user     emcmaho7@jhu.edu

input      masks/brain.nii.gz
frame      0
nErode3d   0
nErode2d   0
output     masks/brain.nii.gz
Binarizing based on threshold
min        0.5
max        +infinity
binval        1
binvalnot     0
fstart = 0, fend = 0, nframes = 1
Found 42564 values in range
Dilating 1 voxels in 3d
Counting number of voxels in first frame
Found 59663 voxels in final mask
Count: 59663 1579205.031250 217600 27.418658
mri_binarize done
 
Started at Thu Mar 5 16:38:17 EST 2020 
Ended   at Thu Mar  5 16:38:18 EST 2020
Mkbrainmask-Run-Time-Sec 1
 
mkbrainmask Done
mri_binarize --i masks/brain.nii.gz --min 0.5 --zero-edges --erode 3 --o masks/brain.e3.nii.gz

$Id: mri_binarize.c,v 1.43 2016/06/09 20:46:21 greve Exp $
cwd /scratch/groups/lisik3/mcmahoneg/mri_data_anlys/studies/cont_actions/unpackdata/s004/bold
cmdline mri_binarize.bin --i masks/brain.nii.gz --min 0.5 --zero-edges --erode 3 --o masks/brain.e3.nii.gz 
sysname  Linux
hostname compute0784
machine  x86_64
user     emcmaho7@jhu.edu

input      masks/brain.nii.gz
frame      0
nErode3d   3
nErode2d   0
output     masks/brain.e3.nii.gz
Binarizing based on threshold
min        0.5
max        +infinity
binval        1
binvalnot     0
fstart = 0, fend = 0, nframes = 1
Found 58641 values in range
Eroding 3 voxels in 3d
Counting number of voxels in first frame
Found 27505 voxels in final mask
Count: 27505 728022.968750 217600 12.640165
mri_binarize done
mkbrainmask -i 003/template.nii.gz -o 003/masks/brain.nii.gz -reg /scratch/groups/lisik3/mcmahoneg/mri_data_anlys/studies/cont_actions/unpackdata/s004/bold/003/register.dof6.lta -ndil 1 -nerode 0
Thu Mar  5 16:38:18 EST 2020

setenv SUBJECTS_DIR /scratch/groups/lisik3/mcmahoneg/mri_data_anlys/subjects
cd /scratch/groups/lisik3/mcmahoneg/mri_data_anlys/studies/cont_actions/unpackdata/s004/bold
/software/apps/freesurfer/6.0.0/fsfast/bin/mkbrainmask -i 003/template.nii.gz -o 003/masks/brain.nii.gz -reg /scratch/groups/lisik3/mcmahoneg/mri_data_anlys/studies/cont_actions/unpackdata/s004/bold/003/register.dof6.lta -ndil 1 -nerode 0

freesurfer-Linux-centos6_x86_64-stable-pub-v6.0.0-2beb96c
$Id: mkbrainmask,v 1.17 2015/12/10 22:51:30 zkaufman Exp $
Linux compute0784 3.10.0-862.9.1.el7.x86_64 #1 SMP Mon Jul 16 16:29:36 UTC 2018 x86_64 x86_64 x86_64 GNU/Linux
mri_vol2vol --mov 003/template.nii.gz --reg /scratch/groups/lisik3/mcmahoneg/mri_data_anlys/studies/cont_actions/unpackdata/s004/bold/003/register.dof6.lta --inv --interp nearest --o 003/masks/brain.nii.gz --targ /scratch/groups/lisik3/mcmahoneg/mri_data_anlys/subjects/s004/mri/aparc+aseg.mgz
regio_read_register: loading lta

Matrix from regfile:
 0.99939  -0.03429   0.00640   2.48409;
-0.00254   0.11136   0.99378  -10.83581;
-0.03479  -0.99319   0.11121  -3.40782;
 0.00000   0.00000   0.00000   1.00000;

movvol 003/template.nii.gz
targvol /scratch/groups/lisik3/mcmahoneg/mri_data_anlys/subjects/s004/mri/aparc+aseg.mgz
outvol 003/masks/brain.nii.gz
regfile /scratch/groups/lisik3/mcmahoneg/mri_data_anlys/studies/cont_actions/unpackdata/s004/bold/003/register.dof6.lta
invert 1
tal    0
talres 2
regheader 0
noresample 0
interp  nearest (0)
precision  float (3)
Gdiag_no  -1
Synth      0
SynthSeed  1584360306

Invert!
Inverting registration

Final tkRAS-to-tkRAS Matrix is:
 0.99939  -0.00254  -0.03479  -2.62863;
-0.03429   0.11136  -0.99319  -2.09272;
 0.00640   0.99378   0.11121   11.13146;
 0.00000   0.00000   0.00000   1.00000;


Vox2Vox Matrix is:
 2.74833  -0.09566   0.00889   24.37099;
 0.01759   0.30582  -3.47822   163.06180;
 0.09429   2.73127   0.38977   6.25886;
 0.00000   0.00000   0.00000   1.00000;

Resampling
Output registration matrix is identity

mri_vol2vol done
mri_binarize --i 003/masks/brain.nii.gz --o 003/masks/brain.nii.gz --min 0.5

$Id: mri_binarize.c,v 1.43 2016/06/09 20:46:21 greve Exp $
cwd /scratch/groups/lisik3/mcmahoneg/mri_data_anlys/studies/cont_actions/unpackdata/s004/bold
cmdline mri_binarize.bin --i 003/masks/brain.nii.gz --o 003/masks/brain.nii.gz --min 0.5 
sysname  Linux
hostname compute0784
machine  x86_64
user     emcmaho7@jhu.edu

input      003/masks/brain.nii.gz
frame      0
nErode3d   0
nErode2d   0
output     003/masks/brain.nii.gz
Binarizing based on threshold
min        0.5
max        +infinity
binval        1
binvalnot     0
fstart = 0, fend = 0, nframes = 1
Found 42561 values in range
Counting number of voxels in first frame
Found 42561 voxels in final mask
Count: 42561 1126536.468750 217600 19.559283
mri_binarize done
Diliating 1
mri_binarize --i 003/masks/brain.nii.gz --min 0.5 --dilate 1 --o 003/masks/brain.nii.gz

$Id: mri_binarize.c,v 1.43 2016/06/09 20:46:21 greve Exp $
cwd /scratch/groups/lisik3/mcmahoneg/mri_data_anlys/studies/cont_actions/unpackdata/s004/bold
cmdline mri_binarize.bin --i 003/masks/brain.nii.gz --min 0.5 --dilate 1 --o 003/masks/brain.nii.gz 
sysname  Linux
hostname compute0784
machine  x86_64
user     emcmaho7@jhu.edu

input      003/masks/brain.nii.gz
frame      0
nErode3d   0
nErode2d   0
output     003/masks/brain.nii.gz
Binarizing based on threshold
min        0.5
max        +infinity
binval        1
binvalnot     0
fstart = 0, fend = 0, nframes = 1
Found 42561 values in range
Dilating 1 voxels in 3d
Counting number of voxels in first frame
Found 59588 voxels in final mask
Count: 59588 1577219.875000 217600 27.384191
mri_binarize done
 
Started at Thu Mar 5 16:38:18 EST 2020 
Ended   at Thu Mar  5 16:38:19 EST 2020
Mkbrainmask-Run-Time-Sec 1
 
mkbrainmask Done
mri_binarize --i 003/masks/brain.nii.gz --min 0.5 --zero-edges --erode 3 --o 003/masks/brain.e3.nii.gz

$Id: mri_binarize.c,v 1.43 2016/06/09 20:46:21 greve Exp $
cwd /scratch/groups/lisik3/mcmahoneg/mri_data_anlys/studies/cont_actions/unpackdata/s004/bold
cmdline mri_binarize.bin --i 003/masks/brain.nii.gz --min 0.5 --zero-edges --erode 3 --o 003/masks/brain.e3.nii.gz 
sysname  Linux
hostname compute0784
machine  x86_64
user     emcmaho7@jhu.edu

input      003/masks/brain.nii.gz
frame      0
nErode3d   3
nErode2d   0
output     003/masks/brain.e3.nii.gz
Binarizing based on threshold
min        0.5
max        +infinity
binval        1
binvalnot     0
fstart = 0, fend = 0, nframes = 1
Found 58569 values in range
Eroding 3 voxels in 3d
Counting number of voxels in first frame
Found 27515 voxels in final mask
Count: 27515 728287.656250 217600 12.644761
mri_binarize done
mkbrainmask -i 004/template.nii.gz -o 004/masks/brain.nii.gz -reg /scratch/groups/lisik3/mcmahoneg/mri_data_anlys/studies/cont_actions/unpackdata/s004/bold/004/register.dof6.lta -ndil 1 -nerode 0
Thu Mar  5 16:38:20 EST 2020

setenv SUBJECTS_DIR /scratch/groups/lisik3/mcmahoneg/mri_data_anlys/subjects
cd /scratch/groups/lisik3/mcmahoneg/mri_data_anlys/studies/cont_actions/unpackdata/s004/bold
/software/apps/freesurfer/6.0.0/fsfast/bin/mkbrainmask -i 004/template.nii.gz -o 004/masks/brain.nii.gz -reg /scratch/groups/lisik3/mcmahoneg/mri_data_anlys/studies/cont_actions/unpackdata/s004/bold/004/register.dof6.lta -ndil 1 -nerode 0

freesurfer-Linux-centos6_x86_64-stable-pub-v6.0.0-2beb96c
$Id: mkbrainmask,v 1.17 2015/12/10 22:51:30 zkaufman Exp $
Linux compute0784 3.10.0-862.9.1.el7.x86_64 #1 SMP Mon Jul 16 16:29:36 UTC 2018 x86_64 x86_64 x86_64 GNU/Linux
mri_vol2vol --mov 004/template.nii.gz --reg /scratch/groups/lisik3/mcmahoneg/mri_data_anlys/studies/cont_actions/unpackdata/s004/bold/004/register.dof6.lta --inv --interp nearest --o 004/masks/brain.nii.gz --targ /scratch/groups/lisik3/mcmahoneg/mri_data_anlys/subjects/s004/mri/aparc+aseg.mgz
regio_read_register: loading lta

Matrix from regfile:
 0.99968  -0.02482   0.00561   2.89406;
-0.00337   0.08942   0.99599  -10.02509;
-0.02522  -0.99569   0.08930  -3.78763;
 0.00000   0.00000   0.00000   1.00000;

movvol 004/template.nii.gz
targvol /scratch/groups/lisik3/mcmahoneg/mri_data_anlys/subjects/s004/mri/aparc+aseg.mgz
outvol 004/masks/brain.nii.gz
regfile /scratch/groups/lisik3/mcmahoneg/mri_data_anlys/studies/cont_actions/unpackdata/s004/bold/004/register.dof6.lta
invert 1
tal    0
talres 2
regheader 0
noresample 0
interp  nearest (0)
precision  float (3)
Gdiag_no  -1
Synth      0
SynthSeed  1583576560

Invert!
Inverting registration

Final tkRAS-to-tkRAS Matrix is:
 0.99968  -0.00337  -0.02522  -3.02243;
-0.02482   0.08942  -0.99568  -2.80305;
 0.00561   0.99599   0.08930   10.30689;
 0.00000   0.00000   0.00000   1.00000;


Vox2Vox Matrix is:
 2.74911  -0.06935   0.01180   23.63142;
 0.01543   0.24559  -3.48596   166.51361;
 0.06824   2.73813   0.31296   7.62157;
 0.00000   0.00000   0.00000   1.00000;

Resampling
Output registration matrix is identity

mri_vol2vol done
mri_binarize --i 004/masks/brain.nii.gz --o 004/masks/brain.nii.gz --min 0.5

$Id: mri_binarize.c,v 1.43 2016/06/09 20:46:21 greve Exp $
cwd /scratch/groups/lisik3/mcmahoneg/mri_data_anlys/studies/cont_actions/unpackdata/s004/bold
cmdline mri_binarize.bin --i 004/masks/brain.nii.gz --o 004/masks/brain.nii.gz --min 0.5 
sysname  Linux
hostname compute0784
machine  x86_64
user     emcmaho7@jhu.edu

input      004/masks/brain.nii.gz
frame      0
nErode3d   0
nErode2d   0
output     004/masks/brain.nii.gz
Binarizing based on threshold
min        0.5
max        +infinity
binval        1
binvalnot     0
fstart = 0, fend = 0, nframes = 1
Found 42761 values in range
Counting number of voxels in first frame
Found 42761 voxels in final mask
Count: 42761 1131830.218750 217600 19.651195
mri_binarize done
Diliating 1
mri_binarize --i 004/masks/brain.nii.gz --min 0.5 --dilate 1 --o 004/masks/brain.nii.gz

$Id: mri_binarize.c,v 1.43 2016/06/09 20:46:21 greve Exp $
cwd /scratch/groups/lisik3/mcmahoneg/mri_data_anlys/studies/cont_actions/unpackdata/s004/bold
cmdline mri_binarize.bin --i 004/masks/brain.nii.gz --min 0.5 --dilate 1 --o 004/masks/brain.nii.gz 
sysname  Linux
hostname compute0784
machine  x86_64
user     emcmaho7@jhu.edu

input      004/masks/brain.nii.gz
frame      0
nErode3d   0
nErode2d   0
output     004/masks/brain.nii.gz
Binarizing based on threshold
min        0.5
max        +infinity
binval        1
binvalnot     0
fstart = 0, fend = 0, nframes = 1
Found 42761 values in range
Dilating 1 voxels in 3d
Counting number of voxels in first frame
Found 59823 voxels in final mask
Count: 59823 1583440.031250 217600 27.492188
mri_binarize done
 
Started at Thu Mar 5 16:38:20 EST 2020 
Ended   at Thu Mar  5 16:38:21 EST 2020
Mkbrainmask-Run-Time-Sec 1
 
mkbrainmask Done
mri_binarize --i 004/masks/brain.nii.gz --min 0.5 --zero-edges --erode 3 --o 004/masks/brain.e3.nii.gz

$Id: mri_binarize.c,v 1.43 2016/06/09 20:46:21 greve Exp $
cwd /scratch/groups/lisik3/mcmahoneg/mri_data_anlys/studies/cont_actions/unpackdata/s004/bold
cmdline mri_binarize.bin --i 004/masks/brain.nii.gz --min 0.5 --zero-edges --erode 3 --o 004/masks/brain.e3.nii.gz 
sysname  Linux
hostname compute0784
machine  x86_64
user     emcmaho7@jhu.edu

input      004/masks/brain.nii.gz
frame      0
nErode3d   3
nErode2d   0
output     004/masks/brain.e3.nii.gz
Binarizing based on threshold
min        0.5
max        +infinity
binval        1
binvalnot     0
fstart = 0, fend = 0, nframes = 1
Found 58756 values in range
Eroding 3 voxels in 3d
Counting number of voxels in first frame
Found 27571 voxels in final mask
Count: 27571 729769.906250 217600 12.670496
mri_binarize done
mkbrainmask -i 005/template.nii.gz -o 005/masks/brain.nii.gz -reg /scratch/groups/lisik3/mcmahoneg/mri_data_anlys/studies/cont_actions/unpackdata/s004/bold/005/register.dof6.lta -ndil 1 -nerode 0
Thu Mar  5 16:38:21 EST 2020

setenv SUBJECTS_DIR /scratch/groups/lisik3/mcmahoneg/mri_data_anlys/subjects
cd /scratch/groups/lisik3/mcmahoneg/mri_data_anlys/studies/cont_actions/unpackdata/s004/bold
/software/apps/freesurfer/6.0.0/fsfast/bin/mkbrainmask -i 005/template.nii.gz -o 005/masks/brain.nii.gz -reg /scratch/groups/lisik3/mcmahoneg/mri_data_anlys/studies/cont_actions/unpackdata/s004/bold/005/register.dof6.lta -ndil 1 -nerode 0

freesurfer-Linux-centos6_x86_64-stable-pub-v6.0.0-2beb96c
$Id: mkbrainmask,v 1.17 2015/12/10 22:51:30 zkaufman Exp $
Linux compute0784 3.10.0-862.9.1.el7.x86_64 #1 SMP Mon Jul 16 16:29:36 UTC 2018 x86_64 x86_64 x86_64 GNU/Linux
mri_vol2vol --mov 005/template.nii.gz --reg /scratch/groups/lisik3/mcmahoneg/mri_data_anlys/studies/cont_actions/unpackdata/s004/bold/005/register.dof6.lta --inv --interp nearest --o 005/masks/brain.nii.gz --targ /scratch/groups/lisik3/mcmahoneg/mri_data_anlys/subjects/s004/mri/aparc+aseg.mgz
regio_read_register: loading lta

Matrix from regfile:
 0.99939  -0.03383   0.00884   2.73485;
-0.00580   0.08893   0.99602  -9.93689;
-0.03448  -0.99546   0.08868  -3.62717;
 0.00000   0.00000   0.00000   1.00000;

movvol 005/template.nii.gz
targvol /scratch/groups/lisik3/mcmahoneg/mri_data_anlys/subjects/s004/mri/aparc+aseg.mgz
outvol 005/masks/brain.nii.gz
regfile /scratch/groups/lisik3/mcmahoneg/mri_data_anlys/studies/cont_actions/unpackdata/s004/bold/005/register.dof6.lta
invert 1
tal    0
talres 2
regheader 0
noresample 0
interp  nearest (0)
precision  float (3)
Gdiag_no  -1
Synth      0
SynthSeed  1583930199

Invert!
Inverting registration

Final tkRAS-to-tkRAS Matrix is:
 0.99939  -0.00580  -0.03448  -2.91584;
-0.03383   0.08893  -0.99546  -2.63447;
 0.00884   0.99602   0.08868   10.19485;
 0.00000   0.00000   0.00000   1.00000;


Vox2Vox Matrix is:
 2.74832  -0.09482   0.02028   24.43124;
 0.02430   0.24388  -3.48607   166.34138;
 0.09303   2.73752   0.31126   6.85174;
 0.00000   0.00000   0.00000   1.00000;

Resampling
Output registration matrix is identity

mri_vol2vol done
mri_binarize --i 005/masks/brain.nii.gz --o 005/masks/brain.nii.gz --min 0.5

$Id: mri_binarize.c,v 1.43 2016/06/09 20:46:21 greve Exp $
cwd /scratch/groups/lisik3/mcmahoneg/mri_data_anlys/studies/cont_actions/unpackdata/s004/bold
cmdline mri_binarize.bin --i 005/masks/brain.nii.gz --o 005/masks/brain.nii.gz --min 0.5 
sysname  Linux
hostname compute0784
machine  x86_64
user     emcmaho7@jhu.edu

input      005/masks/brain.nii.gz
frame      0
nErode3d   0
nErode2d   0
output     005/masks/brain.nii.gz
Binarizing based on threshold
min        0.5
max        +infinity
binval        1
binvalnot     0
fstart = 0, fend = 0, nframes = 1
Found 42796 values in range
Counting number of voxels in first frame
Found 42796 voxels in final mask
Count: 42796 1132756.625000 217600 19.667279
mri_binarize done
Diliating 1
mri_binarize --i 005/masks/brain.nii.gz --min 0.5 --dilate 1 --o 005/masks/brain.nii.gz

$Id: mri_binarize.c,v 1.43 2016/06/09 20:46:21 greve Exp $
cwd /scratch/groups/lisik3/mcmahoneg/mri_data_anlys/studies/cont_actions/unpackdata/s004/bold
cmdline mri_binarize.bin --i 005/masks/brain.nii.gz --min 0.5 --dilate 1 --o 005/masks/brain.nii.gz 
sysname  Linux
hostname compute0784
machine  x86_64
user     emcmaho7@jhu.edu

input      005/masks/brain.nii.gz
frame      0
nErode3d   0
nErode2d   0
output     005/masks/brain.nii.gz
Binarizing based on threshold
min        0.5
max        +infinity
binval        1
binvalnot     0
fstart = 0, fend = 0, nframes = 1
Found 42796 values in range
Dilating 1 voxels in 3d
Counting number of voxels in first frame
Found 59964 voxels in final mask
Count: 59964 1587172.125000 217600 27.556985
mri_binarize done
 
Started at Thu Mar 5 16:38:21 EST 2020 
Ended   at Thu Mar  5 16:38:22 EST 2020
Mkbrainmask-Run-Time-Sec 1
 
mkbrainmask Done
mri_binarize --i 005/masks/brain.nii.gz --min 0.5 --zero-edges --erode 3 --o 005/masks/brain.e3.nii.gz

$Id: mri_binarize.c,v 1.43 2016/06/09 20:46:21 greve Exp $
cwd /scratch/groups/lisik3/mcmahoneg/mri_data_anlys/studies/cont_actions/unpackdata/s004/bold
cmdline mri_binarize.bin --i 005/masks/brain.nii.gz --min 0.5 --zero-edges --erode 3 --o 005/masks/brain.e3.nii.gz 
sysname  Linux
hostname compute0784
machine  x86_64
user     emcmaho7@jhu.edu

input      005/masks/brain.nii.gz
frame      0
nErode3d   3
nErode2d   0
output     005/masks/brain.e3.nii.gz
Binarizing based on threshold
min        0.5
max        +infinity
binval        1
binvalnot     0
fstart = 0, fend = 0, nframes = 1
Found 58890 values in range
Eroding 3 voxels in 3d
Counting number of voxels in first frame
Found 27561 voxels in final mask
Count: 27561 729505.218750 217600 12.665901
mri_binarize done
mkbrainmask -i 006/template.nii.gz -o 006/masks/brain.nii.gz -reg /scratch/groups/lisik3/mcmahoneg/mri_data_anlys/studies/cont_actions/unpackdata/s004/bold/006/register.dof6.lta -ndil 1 -nerode 0
Thu Mar  5 16:38:22 EST 2020

setenv SUBJECTS_DIR /scratch/groups/lisik3/mcmahoneg/mri_data_anlys/subjects
cd /scratch/groups/lisik3/mcmahoneg/mri_data_anlys/studies/cont_actions/unpackdata/s004/bold
/software/apps/freesurfer/6.0.0/fsfast/bin/mkbrainmask -i 006/template.nii.gz -o 006/masks/brain.nii.gz -reg /scratch/groups/lisik3/mcmahoneg/mri_data_anlys/studies/cont_actions/unpackdata/s004/bold/006/register.dof6.lta -ndil 1 -nerode 0

freesurfer-Linux-centos6_x86_64-stable-pub-v6.0.0-2beb96c
$Id: mkbrainmask,v 1.17 2015/12/10 22:51:30 zkaufman Exp $
Linux compute0784 3.10.0-862.9.1.el7.x86_64 #1 SMP Mon Jul 16 16:29:36 UTC 2018 x86_64 x86_64 x86_64 GNU/Linux
mri_vol2vol --mov 006/template.nii.gz --reg /scratch/groups/lisik3/mcmahoneg/mri_data_anlys/studies/cont_actions/unpackdata/s004/bold/006/register.dof6.lta --inv --interp nearest --o 006/masks/brain.nii.gz --targ /scratch/groups/lisik3/mcmahoneg/mri_data_anlys/subjects/s004/mri/aparc+aseg.mgz
regio_read_register: loading lta

Matrix from regfile:
 0.99895  -0.04574   0.00290   2.07187;
 0.00080   0.08075   0.99673  -9.73592;
-0.04582  -0.99568   0.08070  -3.64449;
 0.00000   0.00000   0.00000   1.00000;

movvol 006/template.nii.gz
targvol /scratch/groups/lisik3/mcmahoneg/mri_data_anlys/subjects/s004/mri/aparc+aseg.mgz
outvol 006/masks/brain.nii.gz
regfile /scratch/groups/lisik3/mcmahoneg/mri_data_anlys/studies/cont_actions/unpackdata/s004/bold/006/register.dof6.lta
invert 1
tal    0
talres 2
regheader 0
noresample 0
interp  nearest (0)
precision  float (3)
Gdiag_no  -1
Synth      0
SynthSeed  1584171715

Invert!
Inverting registration

Final tkRAS-to-tkRAS Matrix is:
 0.99895   0.00080  -0.04582  -2.22885;
-0.04574   0.08075  -0.99569  -2.74786;
 0.00290   0.99673   0.08070   9.99223;
 0.00000   0.00000   0.00000   1.00000;


Vox2Vox Matrix is:
 2.74711  -0.12601  -0.00282   25.43267;
 0.00797   0.22192  -3.48857   168.11784;
 0.12578   2.73813   0.28261   5.89135;
 0.00000   0.00000   0.00000   1.00000;

Resampling
Output registration matrix is identity

mri_vol2vol done
mri_binarize --i 006/masks/brain.nii.gz --o 006/masks/brain.nii.gz --min 0.5

$Id: mri_binarize.c,v 1.43 2016/06/09 20:46:21 greve Exp $
cwd /scratch/groups/lisik3/mcmahoneg/mri_data_anlys/studies/cont_actions/unpackdata/s004/bold
cmdline mri_binarize.bin --i 006/masks/brain.nii.gz --o 006/masks/brain.nii.gz --min 0.5 
sysname  Linux
hostname compute0784
machine  x86_64
user     emcmaho7@jhu.edu

input      006/masks/brain.nii.gz
frame      0
nErode3d   0
nErode2d   0
output     006/masks/brain.nii.gz
Binarizing based on threshold
min        0.5
max        +infinity
binval        1
binvalnot     0
fstart = 0, fend = 0, nframes = 1
Found 42913 values in range
Counting number of voxels in first frame
Found 42913 voxels in final mask
Count: 42913 1135853.468750 217600 19.721048
mri_binarize done
Diliating 1
mri_binarize --i 006/masks/brain.nii.gz --min 0.5 --dilate 1 --o 006/masks/brain.nii.gz

$Id: mri_binarize.c,v 1.43 2016/06/09 20:46:21 greve Exp $
cwd /scratch/groups/lisik3/mcmahoneg/mri_data_anlys/studies/cont_actions/unpackdata/s004/bold
cmdline mri_binarize.bin --i 006/masks/brain.nii.gz --min 0.5 --dilate 1 --o 006/masks/brain.nii.gz 
sysname  Linux
hostname compute0784
machine  x86_64
user     emcmaho7@jhu.edu

input      006/masks/brain.nii.gz
frame      0
nErode3d   0
nErode2d   0
output     006/masks/brain.nii.gz
Binarizing based on threshold
min        0.5
max        +infinity
binval        1
binvalnot     0
fstart = 0, fend = 0, nframes = 1
Found 42913 values in range
Dilating 1 voxels in 3d
Counting number of voxels in first frame
Found 60008 voxels in final mask
Count: 60008 1588336.750000 217600 27.577206
mri_binarize done
 
Started at Thu Mar 5 16:38:22 EST 2020 
Ended   at Thu Mar  5 16:38:23 EST 2020
Mkbrainmask-Run-Time-Sec 1
 
mkbrainmask Done
mri_binarize --i 006/masks/brain.nii.gz --min 0.5 --zero-edges --erode 3 --o 006/masks/brain.e3.nii.gz

$Id: mri_binarize.c,v 1.43 2016/06/09 20:46:21 greve Exp $
cwd /scratch/groups/lisik3/mcmahoneg/mri_data_anlys/studies/cont_actions/unpackdata/s004/bold
cmdline mri_binarize.bin --i 006/masks/brain.nii.gz --min 0.5 --zero-edges --erode 3 --o 006/masks/brain.e3.nii.gz 
sysname  Linux
hostname compute0784
machine  x86_64
user     emcmaho7@jhu.edu

input      006/masks/brain.nii.gz
frame      0
nErode3d   3
nErode2d   0
output     006/masks/brain.e3.nii.gz
Binarizing based on threshold
min        0.5
max        +infinity
binval        1
binvalnot     0
fstart = 0, fend = 0, nframes = 1
Found 58922 values in range
Eroding 3 voxels in 3d
Counting number of voxels in first frame
Found 27648 voxels in final mask
Count: 27648 731808.000000 217600 12.705882
mri_binarize done
mkbrainmask -i 007/template.nii.gz -o 007/masks/brain.nii.gz -reg /scratch/groups/lisik3/mcmahoneg/mri_data_anlys/studies/cont_actions/unpackdata/s004/bold/007/register.dof6.lta -ndil 1 -nerode 0
Thu Mar  5 16:38:23 EST 2020

setenv SUBJECTS_DIR /scratch/groups/lisik3/mcmahoneg/mri_data_anlys/subjects
cd /scratch/groups/lisik3/mcmahoneg/mri_data_anlys/studies/cont_actions/unpackdata/s004/bold
/software/apps/freesurfer/6.0.0/fsfast/bin/mkbrainmask -i 007/template.nii.gz -o 007/masks/brain.nii.gz -reg /scratch/groups/lisik3/mcmahoneg/mri_data_anlys/studies/cont_actions/unpackdata/s004/bold/007/register.dof6.lta -ndil 1 -nerode 0

freesurfer-Linux-centos6_x86_64-stable-pub-v6.0.0-2beb96c
$Id: mkbrainmask,v 1.17 2015/12/10 22:51:30 zkaufman Exp $
Linux compute0784 3.10.0-862.9.1.el7.x86_64 #1 SMP Mon Jul 16 16:29:36 UTC 2018 x86_64 x86_64 x86_64 GNU/Linux
mri_vol2vol --mov 007/template.nii.gz --reg /scratch/groups/lisik3/mcmahoneg/mri_data_anlys/studies/cont_actions/unpackdata/s004/bold/007/register.dof6.lta --inv --interp nearest --o 007/masks/brain.nii.gz --targ /scratch/groups/lisik3/mcmahoneg/mri_data_anlys/subjects/s004/mri/aparc+aseg.mgz
regio_read_register: loading lta

Matrix from regfile:
 0.99929  -0.03770  -0.00034   2.37811;
 0.00324   0.07689   0.99703  -10.07396;
-0.03756  -0.99633   0.07696  -3.76729;
 0.00000   0.00000   0.00000   1.00000;

movvol 007/template.nii.gz
targvol /scratch/groups/lisik3/mcmahoneg/mri_data_anlys/subjects/s004/mri/aparc+aseg.mgz
outvol 007/masks/brain.nii.gz
regfile /scratch/groups/lisik3/mcmahoneg/mri_data_anlys/studies/cont_actions/unpackdata/s004/bold/007/register.dof6.lta
invert 1
tal    0
talres 2
regheader 0
noresample 0
interp  nearest (0)
precision  float (3)
Gdiag_no  -1
Synth      0
SynthSeed  1584378209

Invert!
Inverting registration

Final tkRAS-to-tkRAS Matrix is:
 0.99929   0.00324  -0.03756  -2.48531;
-0.03770   0.07689  -0.99633  -2.88920;
-0.00034   0.99703   0.07696   10.33481;
 0.00000   0.00000   0.00000   1.00000;


Vox2Vox Matrix is:
 2.74804  -0.10330  -0.01133   24.88808;
-0.00093   0.21163  -3.48962   168.56050;
 0.10368   2.73990   0.26912   6.79282;
 0.00000   0.00000   0.00000   1.00000;

Resampling
Output registration matrix is identity

mri_vol2vol done
mri_binarize --i 007/masks/brain.nii.gz --o 007/masks/brain.nii.gz --min 0.5

$Id: mri_binarize.c,v 1.43 2016/06/09 20:46:21 greve Exp $
cwd /scratch/groups/lisik3/mcmahoneg/mri_data_anlys/studies/cont_actions/unpackdata/s004/bold
cmdline mri_binarize.bin --i 007/masks/brain.nii.gz --o 007/masks/brain.nii.gz --min 0.5 
sysname  Linux
hostname compute0784
machine  x86_64
user     emcmaho7@jhu.edu

input      007/masks/brain.nii.gz
frame      0
nErode3d   0
nErode2d   0
output     007/masks/brain.nii.gz
Binarizing based on threshold
min        0.5
max        +infinity
binval        1
binvalnot     0
fstart = 0, fend = 0, nframes = 1
Found 42847 values in range
Counting number of voxels in first frame
Found 42847 voxels in final mask
Count: 42847 1134106.531250 217600 19.690717
mri_binarize done
Diliating 1
mri_binarize --i 007/masks/brain.nii.gz --min 0.5 --dilate 1 --o 007/masks/brain.nii.gz

$Id: mri_binarize.c,v 1.43 2016/06/09 20:46:21 greve Exp $
cwd /scratch/groups/lisik3/mcmahoneg/mri_data_anlys/studies/cont_actions/unpackdata/s004/bold
cmdline mri_binarize.bin --i 007/masks/brain.nii.gz --min 0.5 --dilate 1 --o 007/masks/brain.nii.gz 
sysname  Linux
hostname compute0784
machine  x86_64
user     emcmaho7@jhu.edu

input      007/masks/brain.nii.gz
frame      0
nErode3d   0
nErode2d   0
output     007/masks/brain.nii.gz
Binarizing based on threshold
min        0.5
max        +infinity
binval        1
binvalnot     0
fstart = 0, fend = 0, nframes = 1
Found 42847 values in range
Dilating 1 voxels in 3d
Counting number of voxels in first frame
Found 59922 voxels in final mask
Count: 59922 1586060.437500 217600 27.537684
mri_binarize done
 
Started at Thu Mar 5 16:38:23 EST 2020 
Ended   at Thu Mar  5 16:38:24 EST 2020
Mkbrainmask-Run-Time-Sec 1
 
mkbrainmask Done
mri_binarize --i 007/masks/brain.nii.gz --min 0.5 --zero-edges --erode 3 --o 007/masks/brain.e3.nii.gz

$Id: mri_binarize.c,v 1.43 2016/06/09 20:46:21 greve Exp $
cwd /scratch/groups/lisik3/mcmahoneg/mri_data_anlys/studies/cont_actions/unpackdata/s004/bold
cmdline mri_binarize.bin --i 007/masks/brain.nii.gz --min 0.5 --zero-edges --erode 3 --o 007/masks/brain.e3.nii.gz 
sysname  Linux
hostname compute0784
machine  x86_64
user     emcmaho7@jhu.edu

input      007/masks/brain.nii.gz
frame      0
nErode3d   3
nErode2d   0
output     007/masks/brain.e3.nii.gz
Binarizing based on threshold
min        0.5
max        +infinity
binval        1
binvalnot     0
fstart = 0, fend = 0, nframes = 1
Found 58844 values in range
Eroding 3 voxels in 3d
Counting number of voxels in first frame
Found 27678 voxels in final mask
Count: 27678 732602.062500 217600 12.719669
mri_binarize done
mkbrainmask -i 008/template.nii.gz -o 008/masks/brain.nii.gz -reg /scratch/groups/lisik3/mcmahoneg/mri_data_anlys/studies/cont_actions/unpackdata/s004/bold/008/register.dof6.lta -ndil 1 -nerode 0
Thu Mar  5 16:38:25 EST 2020

setenv SUBJECTS_DIR /scratch/groups/lisik3/mcmahoneg/mri_data_anlys/subjects
cd /scratch/groups/lisik3/mcmahoneg/mri_data_anlys/studies/cont_actions/unpackdata/s004/bold
/software/apps/freesurfer/6.0.0/fsfast/bin/mkbrainmask -i 008/template.nii.gz -o 008/masks/brain.nii.gz -reg /scratch/groups/lisik3/mcmahoneg/mri_data_anlys/studies/cont_actions/unpackdata/s004/bold/008/register.dof6.lta -ndil 1 -nerode 0

freesurfer-Linux-centos6_x86_64-stable-pub-v6.0.0-2beb96c
$Id: mkbrainmask,v 1.17 2015/12/10 22:51:30 zkaufman Exp $
Linux compute0784 3.10.0-862.9.1.el7.x86_64 #1 SMP Mon Jul 16 16:29:36 UTC 2018 x86_64 x86_64 x86_64 GNU/Linux
mri_vol2vol --mov 008/template.nii.gz --reg /scratch/groups/lisik3/mcmahoneg/mri_data_anlys/studies/cont_actions/unpackdata/s004/bold/008/register.dof6.lta --inv --interp nearest --o 008/masks/brain.nii.gz --targ /scratch/groups/lisik3/mcmahoneg/mri_data_anlys/subjects/s004/mri/aparc+aseg.mgz
regio_read_register: loading lta

Matrix from regfile:
 0.99930  -0.03743   0.00080   2.29778;
 0.00245   0.08672   0.99623  -9.20107;
-0.03736  -0.99553   0.08675  -3.46439;
 0.00000   0.00000   0.00000   1.00000;

movvol 008/template.nii.gz
targvol /scratch/groups/lisik3/mcmahoneg/mri_data_anlys/subjects/s004/mri/aparc+aseg.mgz
outvol 008/masks/brain.nii.gz
regfile /scratch/groups/lisik3/mcmahoneg/mri_data_anlys/studies/cont_actions/unpackdata/s004/bold/008/register.dof6.lta
invert 1
tal    0
talres 2
regheader 0
noresample 0
interp  nearest (0)
precision  float (3)
Gdiag_no  -1
Synth      0
SynthSeed  1583647394

Invert!
Inverting registration

Final tkRAS-to-tkRAS Matrix is:
 0.99930   0.00245  -0.03736  -2.40307;
-0.03743   0.08672  -0.99553  -2.56501;
 0.00080   0.99623   0.08675   9.46506;
 0.00000   0.00000   0.00000   1.00000;


Vox2Vox Matrix is:
 2.74807  -0.10273  -0.00856   24.73476;
 0.00221   0.23856  -3.48681   168.17990;
 0.10292   2.73771   0.30351   6.65011;
 0.00000   0.00000   0.00000   1.00000;

Resampling
Output registration matrix is identity

mri_vol2vol done
mri_binarize --i 008/masks/brain.nii.gz --o 008/masks/brain.nii.gz --min 0.5

$Id: mri_binarize.c,v 1.43 2016/06/09 20:46:21 greve Exp $
cwd /scratch/groups/lisik3/mcmahoneg/mri_data_anlys/studies/cont_actions/unpackdata/s004/bold
cmdline mri_binarize.bin --i 008/masks/brain.nii.gz --o 008/masks/brain.nii.gz --min 0.5 
sysname  Linux
hostname compute0784
machine  x86_64
user     emcmaho7@jhu.edu

input      008/masks/brain.nii.gz
frame      0
nErode3d   0
nErode2d   0
output     008/masks/brain.nii.gz
Binarizing based on threshold
min        0.5
max        +infinity
binval        1
binvalnot     0
fstart = 0, fend = 0, nframes = 1
Found 42877 values in range
Counting number of voxels in first frame
Found 42877 voxels in final mask
Count: 42877 1134900.593750 217600 19.704504
mri_binarize done
Diliating 1
mri_binarize --i 008/masks/brain.nii.gz --min 0.5 --dilate 1 --o 008/masks/brain.nii.gz

$Id: mri_binarize.c,v 1.43 2016/06/09 20:46:21 greve Exp $
cwd /scratch/groups/lisik3/mcmahoneg/mri_data_anlys/studies/cont_actions/unpackdata/s004/bold
cmdline mri_binarize.bin --i 008/masks/brain.nii.gz --min 0.5 --dilate 1 --o 008/masks/brain.nii.gz 
sysname  Linux
hostname compute0784
machine  x86_64
user     emcmaho7@jhu.edu

input      008/masks/brain.nii.gz
frame      0
nErode3d   0
nErode2d   0
output     008/masks/brain.nii.gz
Binarizing based on threshold
min        0.5
max        +infinity
binval        1
binvalnot     0
fstart = 0, fend = 0, nframes = 1
Found 42877 values in range
Dilating 1 voxels in 3d
Counting number of voxels in first frame
Found 59978 voxels in final mask
Count: 59978 1587542.687500 217600 27.563419
mri_binarize done
 
Started at Thu Mar 5 16:38:25 EST 2020 
Ended   at Thu Mar  5 16:38:26 EST 2020
Mkbrainmask-Run-Time-Sec 1
 
mkbrainmask Done
mri_binarize --i 008/masks/brain.nii.gz --min 0.5 --zero-edges --erode 3 --o 008/masks/brain.e3.nii.gz

$Id: mri_binarize.c,v 1.43 2016/06/09 20:46:21 greve Exp $
cwd /scratch/groups/lisik3/mcmahoneg/mri_data_anlys/studies/cont_actions/unpackdata/s004/bold
cmdline mri_binarize.bin --i 008/masks/brain.nii.gz --min 0.5 --zero-edges --erode 3 --o 008/masks/brain.e3.nii.gz 
sysname  Linux
hostname compute0784
machine  x86_64
user     emcmaho7@jhu.edu

input      008/masks/brain.nii.gz
frame      0
nErode3d   3
nErode2d   0
output     008/masks/brain.e3.nii.gz
Binarizing based on threshold
min        0.5
max        +infinity
binval        1
binvalnot     0
fstart = 0, fend = 0, nframes = 1
Found 58871 values in range
Eroding 3 voxels in 3d
Counting number of voxels in first frame
Found 27757 voxels in final mask
Count: 27757 734693.093750 217600 12.755974
mri_binarize done
mkbrainmask -i 009/template.nii.gz -o 009/masks/brain.nii.gz -reg /scratch/groups/lisik3/mcmahoneg/mri_data_anlys/studies/cont_actions/unpackdata/s004/bold/009/register.dof6.lta -ndil 1 -nerode 0
Thu Mar  5 16:38:26 EST 2020

setenv SUBJECTS_DIR /scratch/groups/lisik3/mcmahoneg/mri_data_anlys/subjects
cd /scratch/groups/lisik3/mcmahoneg/mri_data_anlys/studies/cont_actions/unpackdata/s004/bold
/software/apps/freesurfer/6.0.0/fsfast/bin/mkbrainmask -i 009/template.nii.gz -o 009/masks/brain.nii.gz -reg /scratch/groups/lisik3/mcmahoneg/mri_data_anlys/studies/cont_actions/unpackdata/s004/bold/009/register.dof6.lta -ndil 1 -nerode 0

freesurfer-Linux-centos6_x86_64-stable-pub-v6.0.0-2beb96c
$Id: mkbrainmask,v 1.17 2015/12/10 22:51:30 zkaufman Exp $
Linux compute0784 3.10.0-862.9.1.el7.x86_64 #1 SMP Mon Jul 16 16:29:36 UTC 2018 x86_64 x86_64 x86_64 GNU/Linux
mri_vol2vol --mov 009/template.nii.gz --reg /scratch/groups/lisik3/mcmahoneg/mri_data_anlys/studies/cont_actions/unpackdata/s004/bold/009/register.dof6.lta --inv --interp nearest --o 009/masks/brain.nii.gz --targ /scratch/groups/lisik3/mcmahoneg/mri_data_anlys/subjects/s004/mri/aparc+aseg.mgz
regio_read_register: loading lta

Matrix from regfile:
 0.99929  -0.03745   0.00511   2.32835;
-0.00206   0.08093   0.99672  -9.35452;
-0.03774  -0.99602   0.08080  -3.58121;
 0.00000   0.00000   0.00000   1.00000;

movvol 009/template.nii.gz
targvol /scratch/groups/lisik3/mcmahoneg/mri_data_anlys/subjects/s004/mri/aparc+aseg.mgz
outvol 009/masks/brain.nii.gz
regfile /scratch/groups/lisik3/mcmahoneg/mri_data_anlys/studies/cont_actions/unpackdata/s004/bold/009/register.dof6.lta
invert 1
tal    0
talres 2
regheader 0
noresample 0
interp  nearest (0)
precision  float (3)
Gdiag_no  -1
Synth      0
SynthSeed  1583930867

Invert!
Inverting registration

Final tkRAS-to-tkRAS Matrix is:
 0.99929  -0.00206  -0.03774  -2.48117;
-0.03745   0.08093  -0.99602  -2.72266;
 0.00511   0.99672   0.08080   9.60126;
 0.00000   0.00000   0.00000   1.00000;


Vox2Vox Matrix is:
 2.74803  -0.10380   0.00723   24.58881;
 0.01406   0.22219  -3.48851   168.25365;
 0.10300   2.73904   0.28326   6.78028;
 0.00000   0.00000   0.00000   1.00000;

Resampling
Output registration matrix is identity

mri_vol2vol done
mri_binarize --i 009/masks/brain.nii.gz --o 009/masks/brain.nii.gz --min 0.5

$Id: mri_binarize.c,v 1.43 2016/06/09 20:46:21 greve Exp $
cwd /scratch/groups/lisik3/mcmahoneg/mri_data_anlys/studies/cont_actions/unpackdata/s004/bold
cmdline mri_binarize.bin --i 009/masks/brain.nii.gz --o 009/masks/brain.nii.gz --min 0.5 
sysname  Linux
hostname compute0784
machine  x86_64
user     emcmaho7@jhu.edu

input      009/masks/brain.nii.gz
frame      0
nErode3d   0
nErode2d   0
output     009/masks/brain.nii.gz
Binarizing based on threshold
min        0.5
max        +infinity
binval        1
binvalnot     0
fstart = 0, fend = 0, nframes = 1
Found 42940 values in range
Counting number of voxels in first frame
Found 42940 voxels in final mask
Count: 42940 1136568.125000 217600 19.733456
mri_binarize done
Diliating 1
mri_binarize --i 009/masks/brain.nii.gz --min 0.5 --dilate 1 --o 009/masks/brain.nii.gz

$Id: mri_binarize.c,v 1.43 2016/06/09 20:46:21 greve Exp $
cwd /scratch/groups/lisik3/mcmahoneg/mri_data_anlys/studies/cont_actions/unpackdata/s004/bold
cmdline mri_binarize.bin --i 009/masks/brain.nii.gz --min 0.5 --dilate 1 --o 009/masks/brain.nii.gz 
sysname  Linux
hostname compute0784
machine  x86_64
user     emcmaho7@jhu.edu

input      009/masks/brain.nii.gz
frame      0
nErode3d   0
nErode2d   0
output     009/masks/brain.nii.gz
Binarizing based on threshold
min        0.5
max        +infinity
binval        1
binvalnot     0
fstart = 0, fend = 0, nframes = 1
Found 42940 values in range
Dilating 1 voxels in 3d
Counting number of voxels in first frame
Found 60051 voxels in final mask
Count: 60051 1589474.906250 217600 27.596967
mri_binarize done
 
Started at Thu Mar 5 16:38:26 EST 2020 
Ended   at Thu Mar  5 16:38:27 EST 2020
Mkbrainmask-Run-Time-Sec 1
 
mkbrainmask Done
mri_binarize --i 009/masks/brain.nii.gz --min 0.5 --zero-edges --erode 3 --o 009/masks/brain.e3.nii.gz

$Id: mri_binarize.c,v 1.43 2016/06/09 20:46:21 greve Exp $
cwd /scratch/groups/lisik3/mcmahoneg/mri_data_anlys/studies/cont_actions/unpackdata/s004/bold
cmdline mri_binarize.bin --i 009/masks/brain.nii.gz --min 0.5 --zero-edges --erode 3 --o 009/masks/brain.e3.nii.gz 
sysname  Linux
hostname compute0784
machine  x86_64
user     emcmaho7@jhu.edu

input      009/masks/brain.nii.gz
frame      0
nErode3d   3
nErode2d   0
output     009/masks/brain.e3.nii.gz
Binarizing based on threshold
min        0.5
max        +infinity
binval        1
binvalnot     0
fstart = 0, fend = 0, nframes = 1
Found 58947 values in range
Eroding 3 voxels in 3d
