mkbrainmask-sess
s003
$Id: mkbrainmask-sess,v 1.26 2015/12/10 22:51:30 zkaufman Exp $
Linux compute0200 3.10.0-862.9.1.el7.x86_64 #1 SMP Mon Jul 16 16:29:36 UTC 2018 x86_64 x86_64 x86_64 GNU/Linux
Wed Mar  4 14:41:38 EST 2020
/scratch/groups/lisik3/mcmahoneg/mri_data_anlys/studies/cont_actions/analysis
/software/apps/freesurfer/6.0.0/fsfast/bin/mkbrainmask-sess -maskstem brain -fsd bold -s s003 -d /scratch/groups/lisik3/mcmahoneg/mri_data_anlys/studies/cont_actions/unpackdata -per-run
ProjectDir /scratch/groups/lisik3/mcmahoneg/mri_data_anlys/studies/cont_actions/analysis
------------------------------------------------
/scratch/groups/lisik3/mcmahoneg/mri_data_anlys/studies/cont_actions/unpackdata/s003 
Wed Mar  4 14:41:38 EST 2020
mkbrainmask -i template.nii.gz -o masks/brain.nii.gz -reg /scratch/groups/lisik3/mcmahoneg/mri_data_anlys/studies/cont_actions/unpackdata/s003/bold/register.dof6.lta -ndil 1 -nerode 0
Wed Mar  4 14:41:38 EST 2020

setenv SUBJECTS_DIR /scratch/groups/lisik3/mcmahoneg/mri_data_anlys/subjects
cd /scratch/groups/lisik3/mcmahoneg/mri_data_anlys/studies/cont_actions/unpackdata/s003/bold
/software/apps/freesurfer/6.0.0/fsfast/bin/mkbrainmask -i template.nii.gz -o masks/brain.nii.gz -reg /scratch/groups/lisik3/mcmahoneg/mri_data_anlys/studies/cont_actions/unpackdata/s003/bold/register.dof6.lta -ndil 1 -nerode 0

freesurfer-Linux-centos6_x86_64-stable-pub-v6.0.0-2beb96c
$Id: mkbrainmask,v 1.17 2015/12/10 22:51:30 zkaufman Exp $
Linux compute0200 3.10.0-862.9.1.el7.x86_64 #1 SMP Mon Jul 16 16:29:36 UTC 2018 x86_64 x86_64 x86_64 GNU/Linux
mri_vol2vol --mov template.nii.gz --reg /scratch/groups/lisik3/mcmahoneg/mri_data_anlys/studies/cont_actions/unpackdata/s003/bold/register.dof6.lta --inv --interp nearest --o masks/brain.nii.gz --targ /scratch/groups/lisik3/mcmahoneg/mri_data_anlys/subjects/s003/mri/aparc+aseg.mgz
regio_read_register: loading lta

Matrix from regfile:
 0.99982   0.00868   0.01697   2.84599;
-0.01516  -0.17715   0.98407  -12.44472;
 0.01154  -0.98415  -0.17699  -2.55473;
 0.00000   0.00000   0.00000   1.00000;

movvol template.nii.gz
targvol /scratch/groups/lisik3/mcmahoneg/mri_data_anlys/subjects/s003/mri/aparc+aseg.mgz
outvol masks/brain.nii.gz
regfile /scratch/groups/lisik3/mcmahoneg/mri_data_anlys/studies/cont_actions/unpackdata/s003/bold/register.dof6.lta
invert 1
tal    0
talres 2
regheader 0
noresample 0
interp  nearest (0)
precision  float (3)
Gdiag_no  -1
Synth      0
SynthSeed  1584317860

Invert!
Inverting registration

Final tkRAS-to-tkRAS Matrix is:
 0.99982  -0.01516   0.01154  -3.00465;
 0.00868  -0.17715  -0.98414  -4.74353;
 0.01697   0.98407  -0.17699   11.74599;
 0.00000   0.00000   0.00000   1.00000;


Vox2Vox Matrix is:
 2.74950   0.03175   0.05306   18.85275;
 0.04665  -0.48672  -3.44423   192.40857;
-0.02386   2.70640  -0.62003   26.49557;
 0.00000   0.00000   0.00000   1.00000;

Resampling
Output registration matrix is identity

mri_vol2vol done
mri_binarize --i masks/brain.nii.gz --o masks/brain.nii.gz --min 0.5

$Id: mri_binarize.c,v 1.43 2016/06/09 20:46:21 greve Exp $
cwd /scratch/groups/lisik3/mcmahoneg/mri_data_anlys/studies/cont_actions/unpackdata/s003/bold
cmdline mri_binarize.bin --i masks/brain.nii.gz --o masks/brain.nii.gz --min 0.5 
sysname  Linux
hostname compute0200
machine  x86_64
user     emcmaho7@jhu.edu

input      masks/brain.nii.gz
frame      0
nErode3d   0
nErode2d   0
output     masks/brain.nii.gz
Binarizing based on threshold
min        0.5
max        +infinity
binval        1
binvalnot     0
fstart = 0, fend = 0, nframes = 1
Found 46961 values in range
Counting number of voxels in first frame
Found 46961 voxels in final mask
Count: 46961 1242998.968750 217600 21.581342
mri_binarize done
Diliating 1
mri_binarize --i masks/brain.nii.gz --min 0.5 --dilate 1 --o masks/brain.nii.gz

$Id: mri_binarize.c,v 1.43 2016/06/09 20:46:21 greve Exp $
cwd /scratch/groups/lisik3/mcmahoneg/mri_data_anlys/studies/cont_actions/unpackdata/s003/bold
cmdline mri_binarize.bin --i masks/brain.nii.gz --min 0.5 --dilate 1 --o masks/brain.nii.gz 
sysname  Linux
hostname compute0200
machine  x86_64
user     emcmaho7@jhu.edu

input      masks/brain.nii.gz
frame      0
nErode3d   0
nErode2d   0
output     masks/brain.nii.gz
Binarizing based on threshold
min        0.5
max        +infinity
binval        1
binvalnot     0
fstart = 0, fend = 0, nframes = 1
Found 46961 values in range
Dilating 1 voxels in 3d
Counting number of voxels in first frame
Found 65309 voxels in final mask
Count: 65309 1728647.593750 217600 30.013327
mri_binarize done
 
Started at Wed Mar 4 14:41:38 EST 2020 
Ended   at Wed Mar  4 14:41:43 EST 2020
Mkbrainmask-Run-Time-Sec 5
 
mkbrainmask Done
mri_binarize --i masks/brain.nii.gz --min 0.5 --zero-edges --erode 3 --o masks/brain.e3.nii.gz

$Id: mri_binarize.c,v 1.43 2016/06/09 20:46:21 greve Exp $
cwd /scratch/groups/lisik3/mcmahoneg/mri_data_anlys/studies/cont_actions/unpackdata/s003/bold
cmdline mri_binarize.bin --i masks/brain.nii.gz --min 0.5 --zero-edges --erode 3 --o masks/brain.e3.nii.gz 
sysname  Linux
hostname compute0200
machine  x86_64
user     emcmaho7@jhu.edu

input      masks/brain.nii.gz
frame      0
nErode3d   3
nErode2d   0
output     masks/brain.e3.nii.gz
Binarizing based on threshold
min        0.5
max        +infinity
binval        1
binvalnot     0
fstart = 0, fend = 0, nframes = 1
Found 63913 values in range
Eroding 3 voxels in 3d
Counting number of voxels in first frame
Found 31371 voxels in final mask
Count: 31371 830351.156250 217600 14.416820
mri_binarize done
mkbrainmask -i 004/template.nii.gz -o 004/masks/brain.nii.gz -reg /scratch/groups/lisik3/mcmahoneg/mri_data_anlys/studies/cont_actions/unpackdata/s003/bold/004/register.dof6.lta -ndil 1 -nerode 0
Wed Mar  4 14:41:43 EST 2020

setenv SUBJECTS_DIR /scratch/groups/lisik3/mcmahoneg/mri_data_anlys/subjects
cd /scratch/groups/lisik3/mcmahoneg/mri_data_anlys/studies/cont_actions/unpackdata/s003/bold
/software/apps/freesurfer/6.0.0/fsfast/bin/mkbrainmask -i 004/template.nii.gz -o 004/masks/brain.nii.gz -reg /scratch/groups/lisik3/mcmahoneg/mri_data_anlys/studies/cont_actions/unpackdata/s003/bold/004/register.dof6.lta -ndil 1 -nerode 0

freesurfer-Linux-centos6_x86_64-stable-pub-v6.0.0-2beb96c
$Id: mkbrainmask,v 1.17 2015/12/10 22:51:30 zkaufman Exp $
Linux compute0200 3.10.0-862.9.1.el7.x86_64 #1 SMP Mon Jul 16 16:29:36 UTC 2018 x86_64 x86_64 x86_64 GNU/Linux
mri_vol2vol --mov 004/template.nii.gz --reg /scratch/groups/lisik3/mcmahoneg/mri_data_anlys/studies/cont_actions/unpackdata/s003/bold/004/register.dof6.lta --inv --interp nearest --o 004/masks/brain.nii.gz --targ /scratch/groups/lisik3/mcmahoneg/mri_data_anlys/subjects/s003/mri/aparc+aseg.mgz
regio_read_register: loading lta

Matrix from regfile:
 0.99976   0.00819   0.02010   2.76842;
-0.01829  -0.18048   0.98341  -12.62831;
 0.01168  -0.98355  -0.18028  -2.33870;
 0.00000   0.00000   0.00000   1.00000;

movvol 004/template.nii.gz
targvol /scratch/groups/lisik3/mcmahoneg/mri_data_anlys/subjects/s003/mri/aparc+aseg.mgz
outvol 004/masks/brain.nii.gz
regfile /scratch/groups/lisik3/mcmahoneg/mri_data_anlys/studies/cont_actions/unpackdata/s003/bold/004/register.dof6.lta
invert 1
tal    0
talres 2
regheader 0
noresample 0
interp  nearest (0)
precision  float (3)
Gdiag_no  -1
Synth      0
SynthSeed  1583852382

Invert!
Inverting registration

Final tkRAS-to-tkRAS Matrix is:
 0.99976  -0.01829   0.01168  -2.97146;
 0.00819  -0.18048  -0.98355  -4.60198;
 0.02010   0.98341  -0.18028   11.94153;
 0.00000   0.00000   0.00000   1.00000;


Vox2Vox Matrix is:
 2.74935   0.03212   0.06403   18.62435;
 0.05527  -0.49578  -3.44193   192.19151;
-0.02251   2.70475  -0.63166   26.84681;
 0.00000   0.00000   0.00000   1.00000;

Resampling
Output registration matrix is identity

mri_vol2vol done
mri_binarize --i 004/masks/brain.nii.gz --o 004/masks/brain.nii.gz --min 0.5

$Id: mri_binarize.c,v 1.43 2016/06/09 20:46:21 greve Exp $
cwd /scratch/groups/lisik3/mcmahoneg/mri_data_anlys/studies/cont_actions/unpackdata/s003/bold
cmdline mri_binarize.bin --i 004/masks/brain.nii.gz --o 004/masks/brain.nii.gz --min 0.5 
sysname  Linux
hostname compute0200
machine  x86_64
user     emcmaho7@jhu.edu

input      004/masks/brain.nii.gz
frame      0
nErode3d   0
nErode2d   0
output     004/masks/brain.nii.gz
Binarizing based on threshold
min        0.5
max        +infinity
binval        1
binvalnot     0
fstart = 0, fend = 0, nframes = 1
Found 46973 values in range
Counting number of voxels in first frame
Found 46973 voxels in final mask
Count: 46973 1243316.593750 217600 21.586857
mri_binarize done
Diliating 1
mri_binarize --i 004/masks/brain.nii.gz --min 0.5 --dilate 1 --o 004/masks/brain.nii.gz

$Id: mri_binarize.c,v 1.43 2016/06/09 20:46:21 greve Exp $
cwd /scratch/groups/lisik3/mcmahoneg/mri_data_anlys/studies/cont_actions/unpackdata/s003/bold
cmdline mri_binarize.bin --i 004/masks/brain.nii.gz --min 0.5 --dilate 1 --o 004/masks/brain.nii.gz 
sysname  Linux
hostname compute0200
machine  x86_64
user     emcmaho7@jhu.edu

input      004/masks/brain.nii.gz
frame      0
nErode3d   0
nErode2d   0
output     004/masks/brain.nii.gz
Binarizing based on threshold
min        0.5
max        +infinity
binval        1
binvalnot     0
fstart = 0, fend = 0, nframes = 1
Found 46973 values in range
Dilating 1 voxels in 3d
Counting number of voxels in first frame
Found 65262 voxels in final mask
Count: 65262 1727403.562500 217600 29.991728
mri_binarize done
 
Started at Wed Mar 4 14:41:43 EST 2020 
Ended   at Wed Mar  4 14:41:44 EST 2020
Mkbrainmask-Run-Time-Sec 1
 
mkbrainmask Done
mri_binarize --i 004/masks/brain.nii.gz --min 0.5 --zero-edges --erode 3 --o 004/masks/brain.e3.nii.gz

$Id: mri_binarize.c,v 1.43 2016/06/09 20:46:21 greve Exp $
cwd /scratch/groups/lisik3/mcmahoneg/mri_data_anlys/studies/cont_actions/unpackdata/s003/bold
cmdline mri_binarize.bin --i 004/masks/brain.nii.gz --min 0.5 --zero-edges --erode 3 --o 004/masks/brain.e3.nii.gz 
sysname  Linux
hostname compute0200
machine  x86_64
user     emcmaho7@jhu.edu

input      004/masks/brain.nii.gz
frame      0
nErode3d   3
nErode2d   0
output     004/masks/brain.e3.nii.gz
Binarizing based on threshold
min        0.5
max        +infinity
binval        1
binvalnot     0
fstart = 0, fend = 0, nframes = 1
Found 63850 values in range
Eroding 3 voxels in 3d
Counting number of voxels in first frame
Found 31465 voxels in final mask
Count: 31465 832839.218750 217600 14.460018
mri_binarize done
mkbrainmask -i 005/template.nii.gz -o 005/masks/brain.nii.gz -reg /scratch/groups/lisik3/mcmahoneg/mri_data_anlys/studies/cont_actions/unpackdata/s003/bold/005/register.dof6.lta -ndil 1 -nerode 0
Wed Mar  4 14:41:44 EST 2020

setenv SUBJECTS_DIR /scratch/groups/lisik3/mcmahoneg/mri_data_anlys/subjects
cd /scratch/groups/lisik3/mcmahoneg/mri_data_anlys/studies/cont_actions/unpackdata/s003/bold
/software/apps/freesurfer/6.0.0/fsfast/bin/mkbrainmask -i 005/template.nii.gz -o 005/masks/brain.nii.gz -reg /scratch/groups/lisik3/mcmahoneg/mri_data_anlys/studies/cont_actions/unpackdata/s003/bold/005/register.dof6.lta -ndil 1 -nerode 0

freesurfer-Linux-centos6_x86_64-stable-pub-v6.0.0-2beb96c
$Id: mkbrainmask,v 1.17 2015/12/10 22:51:30 zkaufman Exp $
Linux compute0200 3.10.0-862.9.1.el7.x86_64 #1 SMP Mon Jul 16 16:29:36 UTC 2018 x86_64 x86_64 x86_64 GNU/Linux
mri_vol2vol --mov 005/template.nii.gz --reg /scratch/groups/lisik3/mcmahoneg/mri_data_anlys/studies/cont_actions/unpackdata/s003/bold/005/register.dof6.lta --inv --interp nearest --o 005/masks/brain.nii.gz --targ /scratch/groups/lisik3/mcmahoneg/mri_data_anlys/subjects/s003/mri/aparc+aseg.mgz
regio_read_register: loading lta

Matrix from regfile:
 0.99980   0.00597   0.01910   2.90620;
-0.01773  -0.17813   0.98385  -12.55354;
 0.00927  -0.98399  -0.17799  -2.65254;
 0.00000   0.00000   0.00000   1.00000;

movvol 005/template.nii.gz
targvol /scratch/groups/lisik3/mcmahoneg/mri_data_anlys/subjects/s003/mri/aparc+aseg.mgz
outvol 005/masks/brain.nii.gz
regfile /scratch/groups/lisik3/mcmahoneg/mri_data_anlys/studies/cont_actions/unpackdata/s003/bold/005/register.dof6.lta
invert 1
tal    0
talres 2
regheader 0
noresample 0
interp  nearest (0)
precision  float (3)
Gdiag_no  -1
Synth      0
SynthSeed  1583362967

Invert!
Inverting registration

Final tkRAS-to-tkRAS Matrix is:
 0.99980  -0.01773   0.00927  -3.10363;
 0.00597  -0.17813  -0.98399  -4.86354;
 0.01910   0.98385  -0.17799   11.82315;
 0.00000   0.00000   0.00000   1.00000;


Vox2Vox Matrix is:
 2.74945   0.02550   0.06206   19.05068;
 0.05253  -0.48946  -3.44347   192.19327;
-0.01641   2.70597  -0.62345   26.15249;
 0.00000   0.00000   0.00000   1.00000;

Resampling
Output registration matrix is identity

mri_vol2vol done
mri_binarize --i 005/masks/brain.nii.gz --o 005/masks/brain.nii.gz --min 0.5

$Id: mri_binarize.c,v 1.43 2016/06/09 20:46:21 greve Exp $
cwd /scratch/groups/lisik3/mcmahoneg/mri_data_anlys/studies/cont_actions/unpackdata/s003/bold
cmdline mri_binarize.bin --i 005/masks/brain.nii.gz --o 005/masks/brain.nii.gz --min 0.5 
sysname  Linux
hostname compute0200
machine  x86_64
user     emcmaho7@jhu.edu

input      005/masks/brain.nii.gz
frame      0
nErode3d   0
nErode2d   0
output     005/masks/brain.nii.gz
Binarizing based on threshold
min        0.5
max        +infinity
binval        1
binvalnot     0
fstart = 0, fend = 0, nframes = 1
Found 46912 values in range
Counting number of voxels in first frame
Found 46912 voxels in final mask
Count: 46912 1241702.000000 217600 21.558824
mri_binarize done
Diliating 1
mri_binarize --i 005/masks/brain.nii.gz --min 0.5 --dilate 1 --o 005/masks/brain.nii.gz

$Id: mri_binarize.c,v 1.43 2016/06/09 20:46:21 greve Exp $
cwd /scratch/groups/lisik3/mcmahoneg/mri_data_anlys/studies/cont_actions/unpackdata/s003/bold
cmdline mri_binarize.bin --i 005/masks/brain.nii.gz --min 0.5 --dilate 1 --o 005/masks/brain.nii.gz 
sysname  Linux
hostname compute0200
machine  x86_64
user     emcmaho7@jhu.edu

input      005/masks/brain.nii.gz
frame      0
nErode3d   0
nErode2d   0
output     005/masks/brain.nii.gz
Binarizing based on threshold
min        0.5
max        +infinity
binval        1
binvalnot     0
fstart = 0, fend = 0, nframes = 1
Found 46912 values in range
Dilating 1 voxels in 3d
Counting number of voxels in first frame
Found 65238 voxels in final mask
Count: 65238 1726768.312500 217600 29.980699
mri_binarize done
 
Started at Wed Mar 4 14:41:44 EST 2020 
Ended   at Wed Mar  4 14:41:46 EST 2020
Mkbrainmask-Run-Time-Sec 2
 
mkbrainmask Done
mri_binarize --i 005/masks/brain.nii.gz --min 0.5 --zero-edges --erode 3 --o 005/masks/brain.e3.nii.gz

$Id: mri_binarize.c,v 1.43 2016/06/09 20:46:21 greve Exp $
cwd /scratch/groups/lisik3/mcmahoneg/mri_data_anlys/studies/cont_actions/unpackdata/s003/bold
cmdline mri_binarize.bin --i 005/masks/brain.nii.gz --min 0.5 --zero-edges --erode 3 --o 005/masks/brain.e3.nii.gz 
sysname  Linux
hostname compute0200
machine  x86_64
user     emcmaho7@jhu.edu

input      005/masks/brain.nii.gz
frame      0
nErode3d   3
nErode2d   0
output     005/masks/brain.e3.nii.gz
Binarizing based on threshold
min        0.5
max        +infinity
binval        1
binvalnot     0
fstart = 0, fend = 0, nframes = 1
Found 63829 values in range
Eroding 3 voxels in 3d
Counting number of voxels in first frame
Found 31281 voxels in final mask
Count: 31281 827968.968750 217600 14.375460
mri_binarize done
mkbrainmask -i 006/template.nii.gz -o 006/masks/brain.nii.gz -reg /scratch/groups/lisik3/mcmahoneg/mri_data_anlys/studies/cont_actions/unpackdata/s003/bold/006/register.dof6.lta -ndil 1 -nerode 0
Wed Mar  4 14:41:46 EST 2020

setenv SUBJECTS_DIR /scratch/groups/lisik3/mcmahoneg/mri_data_anlys/subjects
cd /scratch/groups/lisik3/mcmahoneg/mri_data_anlys/studies/cont_actions/unpackdata/s003/bold
/software/apps/freesurfer/6.0.0/fsfast/bin/mkbrainmask -i 006/template.nii.gz -o 006/masks/brain.nii.gz -reg /scratch/groups/lisik3/mcmahoneg/mri_data_anlys/studies/cont_actions/unpackdata/s003/bold/006/register.dof6.lta -ndil 1 -nerode 0

freesurfer-Linux-centos6_x86_64-stable-pub-v6.0.0-2beb96c
$Id: mkbrainmask,v 1.17 2015/12/10 22:51:30 zkaufman Exp $
Linux compute0200 3.10.0-862.9.1.el7.x86_64 #1 SMP Mon Jul 16 16:29:36 UTC 2018 x86_64 x86_64 x86_64 GNU/Linux
mri_vol2vol --mov 006/template.nii.gz --reg /scratch/groups/lisik3/mcmahoneg/mri_data_anlys/studies/cont_actions/unpackdata/s003/bold/006/register.dof6.lta --inv --interp nearest --o 006/masks/brain.nii.gz --targ /scratch/groups/lisik3/mcmahoneg/mri_data_anlys/subjects/s003/mri/aparc+aseg.mgz
regio_read_register: loading lta

Matrix from regfile:
 0.99980   0.00356   0.01965   2.82957;
-0.01871  -0.17663   0.98410  -13.16440;
 0.00698  -0.98427  -0.17652  -2.60143;
 0.00000   0.00000   0.00000   1.00000;

movvol 006/template.nii.gz
targvol /scratch/groups/lisik3/mcmahoneg/mri_data_anlys/subjects/s003/mri/aparc+aseg.mgz
outvol 006/masks/brain.nii.gz
regfile /scratch/groups/lisik3/mcmahoneg/mri_data_anlys/studies/cont_actions/unpackdata/s003/bold/006/register.dof6.lta
invert 1
tal    0
talres 2
regheader 0
noresample 0
interp  nearest (0)
precision  float (3)
Gdiag_no  -1
Synth      0
SynthSeed  1583879892

Invert!
Inverting registration

Final tkRAS-to-tkRAS Matrix is:
 0.99980  -0.01871   0.00698  -3.05719;
 0.00356  -0.17663  -0.98427  -4.89576;
 0.01965   0.98410  -0.17652   12.44027;
 0.00000   0.00000   0.00000   1.00000;


Vox2Vox Matrix is:
 2.74945   0.01918   0.06549   19.19841;
 0.05404  -0.48544  -3.44435   191.36980;
-0.00980   2.70675  -0.61819   25.73539;
 0.00000   0.00000   0.00000   1.00000;

Resampling
Output registration matrix is identity

mri_vol2vol done
mri_binarize --i 006/masks/brain.nii.gz --o 006/masks/brain.nii.gz --min 0.5

$Id: mri_binarize.c,v 1.43 2016/06/09 20:46:21 greve Exp $
cwd /scratch/groups/lisik3/mcmahoneg/mri_data_anlys/studies/cont_actions/unpackdata/s003/bold
cmdline mri_binarize.bin --i 006/masks/brain.nii.gz --o 006/masks/brain.nii.gz --min 0.5 
sysname  Linux
hostname compute0200
machine  x86_64
user     emcmaho7@jhu.edu

input      006/masks/brain.nii.gz
frame      0
nErode3d   0
nErode2d   0
output     006/masks/brain.nii.gz
Binarizing based on threshold
min        0.5
max        +infinity
binval        1
binvalnot     0
fstart = 0, fend = 0, nframes = 1
Found 46735 values in range
Counting number of voxels in first frame
Found 46735 voxels in final mask
Count: 46735 1237017.031250 217600 21.477482
mri_binarize done
Diliating 1
mri_binarize --i 006/masks/brain.nii.gz --min 0.5 --dilate 1 --o 006/masks/brain.nii.gz

$Id: mri_binarize.c,v 1.43 2016/06/09 20:46:21 greve Exp $
cwd /scratch/groups/lisik3/mcmahoneg/mri_data_anlys/studies/cont_actions/unpackdata/s003/bold
cmdline mri_binarize.bin --i 006/masks/brain.nii.gz --min 0.5 --dilate 1 --o 006/masks/brain.nii.gz 
sysname  Linux
hostname compute0200
machine  x86_64
user     emcmaho7@jhu.edu

input      006/masks/brain.nii.gz
frame      0
nErode3d   0
nErode2d   0
output     006/masks/brain.nii.gz
Binarizing based on threshold
min        0.5
max        +infinity
binval        1
binvalnot     0
fstart = 0, fend = 0, nframes = 1
Found 46735 values in range
Dilating 1 voxels in 3d
Counting number of voxels in first frame
Found 65028 voxels in final mask
Count: 65028 1721209.875000 217600 29.884191
mri_binarize done
 
Started at Wed Mar 4 14:41:46 EST 2020 
Ended   at Wed Mar  4 14:41:47 EST 2020
Mkbrainmask-Run-Time-Sec 1
 
mkbrainmask Done
mri_binarize --i 006/masks/brain.nii.gz --min 0.5 --zero-edges --erode 3 --o 006/masks/brain.e3.nii.gz

$Id: mri_binarize.c,v 1.43 2016/06/09 20:46:21 greve Exp $
cwd /scratch/groups/lisik3/mcmahoneg/mri_data_anlys/studies/cont_actions/unpackdata/s003/bold
cmdline mri_binarize.bin --i 006/masks/brain.nii.gz --min 0.5 --zero-edges --erode 3 --o 006/masks/brain.e3.nii.gz 
sysname  Linux
hostname compute0200
machine  x86_64
user     emcmaho7@jhu.edu

input      006/masks/brain.nii.gz
frame      0
nErode3d   3
nErode2d   0
output     006/masks/brain.e3.nii.gz
Binarizing based on threshold
min        0.5
max        +infinity
binval        1
binvalnot     0
fstart = 0, fend = 0, nframes = 1
Found 63589 values in range
Eroding 3 voxels in 3d
Counting number of voxels in first frame
Found 31236 voxels in final mask
Count: 31236 826777.875000 217600 14.354779
mri_binarize done
mkbrainmask -i 007/template.nii.gz -o 007/masks/brain.nii.gz -reg /scratch/groups/lisik3/mcmahoneg/mri_data_anlys/studies/cont_actions/unpackdata/s003/bold/007/register.dof6.lta -ndil 1 -nerode 0
Wed Mar  4 14:41:48 EST 2020

setenv SUBJECTS_DIR /scratch/groups/lisik3/mcmahoneg/mri_data_anlys/subjects
cd /scratch/groups/lisik3/mcmahoneg/mri_data_anlys/studies/cont_actions/unpackdata/s003/bold
/software/apps/freesurfer/6.0.0/fsfast/bin/mkbrainmask -i 007/template.nii.gz -o 007/masks/brain.nii.gz -reg /scratch/groups/lisik3/mcmahoneg/mri_data_anlys/studies/cont_actions/unpackdata/s003/bold/007/register.dof6.lta -ndil 1 -nerode 0

freesurfer-Linux-centos6_x86_64-stable-pub-v6.0.0-2beb96c
$Id: mkbrainmask,v 1.17 2015/12/10 22:51:30 zkaufman Exp $
Linux compute0200 3.10.0-862.9.1.el7.x86_64 #1 SMP Mon Jul 16 16:29:36 UTC 2018 x86_64 x86_64 x86_64 GNU/Linux
mri_vol2vol --mov 007/template.nii.gz --reg /scratch/groups/lisik3/mcmahoneg/mri_data_anlys/studies/cont_actions/unpackdata/s003/bold/007/register.dof6.lta --inv --interp nearest --o 007/masks/brain.nii.gz --targ /scratch/groups/lisik3/mcmahoneg/mri_data_anlys/subjects/s003/mri/aparc+aseg.mgz
regio_read_register: loading lta

Matrix from regfile:
 0.99997   0.00610   0.00480   2.98293;
-0.00358  -0.18558   0.98262  -12.47279;
 0.00688  -0.98261  -0.18555  -2.64362;
 0.00000   0.00000   0.00000   1.00000;

movvol 007/template.nii.gz
targvol /scratch/groups/lisik3/mcmahoneg/mri_data_anlys/subjects/s003/mri/aparc+aseg.mgz
outvol 007/masks/brain.nii.gz
regfile /scratch/groups/lisik3/mcmahoneg/mri_data_anlys/studies/cont_actions/unpackdata/s003/bold/007/register.dof6.lta
invert 1
tal    0
talres 2
regheader 0
noresample 0
interp  nearest (0)
precision  float (3)
Gdiag_no  -1
Synth      0
SynthSeed  1583409556

Invert!
Inverting registration

Final tkRAS-to-tkRAS Matrix is:
 0.99997  -0.00358   0.00688  -3.00933;
 0.00610  -0.18558  -0.98261  -4.93051;
 0.00480   0.98262  -0.18555   11.75123;
 0.00000   0.00000   0.00000   1.00000;


Vox2Vox Matrix is:
 2.74992   0.01893   0.01254   20.04214;
 0.01320  -0.51026  -3.43918   194.59747;
-0.01677   2.70218  -0.64952   26.69510;
 0.00000   0.00000   0.00000   1.00000;

Resampling
Output registration matrix is identity

mri_vol2vol done
mri_binarize --i 007/masks/brain.nii.gz --o 007/masks/brain.nii.gz --min 0.5

$Id: mri_binarize.c,v 1.43 2016/06/09 20:46:21 greve Exp $
cwd /scratch/groups/lisik3/mcmahoneg/mri_data_anlys/studies/cont_actions/unpackdata/s003/bold
cmdline mri_binarize.bin --i 007/masks/brain.nii.gz --o 007/masks/brain.nii.gz --min 0.5 
sysname  Linux
hostname compute0200
machine  x86_64
user     emcmaho7@jhu.edu

input      007/masks/brain.nii.gz
frame      0
nErode3d   0
nErode2d   0
output     007/masks/brain.nii.gz
Binarizing based on threshold
min        0.5
max        +infinity
binval        1
binvalnot     0
fstart = 0, fend = 0, nframes = 1
Found 46942 values in range
Counting number of voxels in first frame
Found 46942 voxels in final mask
Count: 46942 1242496.062500 217600 21.572610
mri_binarize done
Diliating 1
mri_binarize --i 007/masks/brain.nii.gz --min 0.5 --dilate 1 --o 007/masks/brain.nii.gz

$Id: mri_binarize.c,v 1.43 2016/06/09 20:46:21 greve Exp $
cwd /scratch/groups/lisik3/mcmahoneg/mri_data_anlys/studies/cont_actions/unpackdata/s003/bold
cmdline mri_binarize.bin --i 007/masks/brain.nii.gz --min 0.5 --dilate 1 --o 007/masks/brain.nii.gz 
sysname  Linux
hostname compute0200
machine  x86_64
user     emcmaho7@jhu.edu

input      007/masks/brain.nii.gz
frame      0
nErode3d   0
nErode2d   0
output     007/masks/brain.nii.gz
Binarizing based on threshold
min        0.5
max        +infinity
binval        1
binvalnot     0
fstart = 0, fend = 0, nframes = 1
Found 46942 values in range
Dilating 1 voxels in 3d
Counting number of voxels in first frame
Found 65333 voxels in final mask
Count: 65333 1729282.843750 217600 30.024357
mri_binarize done
 
Started at Wed Mar 4 14:41:47 EST 2020 
Ended   at Wed Mar  4 14:41:49 EST 2020
Mkbrainmask-Run-Time-Sec 2
 
mkbrainmask Done
mri_binarize --i 007/masks/brain.nii.gz --min 0.5 --zero-edges --erode 3 --o 007/masks/brain.e3.nii.gz

$Id: mri_binarize.c,v 1.43 2016/06/09 20:46:21 greve Exp $
cwd /scratch/groups/lisik3/mcmahoneg/mri_data_anlys/studies/cont_actions/unpackdata/s003/bold
cmdline mri_binarize.bin --i 007/masks/brain.nii.gz --min 0.5 --zero-edges --erode 3 --o 007/masks/brain.e3.nii.gz 
sysname  Linux
hostname compute0200
machine  x86_64
user     emcmaho7@jhu.edu

input      007/masks/brain.nii.gz
frame      0
nErode3d   3
nErode2d   0
output     007/masks/brain.e3.nii.gz
Binarizing based on threshold
min        0.5
max        +infinity
binval        1
binvalnot     0
fstart = 0, fend = 0, nframes = 1
Found 63931 values in range
Eroding 3 voxels in 3d
Counting number of voxels in first frame
Found 31341 voxels in final mask
Count: 31341 829557.093750 217600 14.403033
mri_binarize done
mkbrainmask -i 008/template.nii.gz -o 008/masks/brain.nii.gz -reg /scratch/groups/lisik3/mcmahoneg/mri_data_anlys/studies/cont_actions/unpackdata/s003/bold/008/register.dof6.lta -ndil 1 -nerode 0
Wed Mar  4 14:41:49 EST 2020

setenv SUBJECTS_DIR /scratch/groups/lisik3/mcmahoneg/mri_data_anlys/subjects
cd /scratch/groups/lisik3/mcmahoneg/mri_data_anlys/studies/cont_actions/unpackdata/s003/bold
/software/apps/freesurfer/6.0.0/fsfast/bin/mkbrainmask -i 008/template.nii.gz -o 008/masks/brain.nii.gz -reg /scratch/groups/lisik3/mcmahoneg/mri_data_anlys/studies/cont_actions/unpackdata/s003/bold/008/register.dof6.lta -ndil 1 -nerode 0

freesurfer-Linux-centos6_x86_64-stable-pub-v6.0.0-2beb96c
$Id: mkbrainmask,v 1.17 2015/12/10 22:51:30 zkaufman Exp $
Linux compute0200 3.10.0-862.9.1.el7.x86_64 #1 SMP Mon Jul 16 16:29:36 UTC 2018 x86_64 x86_64 x86_64 GNU/Linux
mri_vol2vol --mov 008/template.nii.gz --reg /scratch/groups/lisik3/mcmahoneg/mri_data_anlys/studies/cont_actions/unpackdata/s003/bold/008/register.dof6.lta --inv --interp nearest --o 008/masks/brain.nii.gz --targ /scratch/groups/lisik3/mcmahoneg/mri_data_anlys/subjects/s003/mri/aparc+aseg.mgz
regio_read_register: loading lta

Matrix from regfile:
 0.99993   0.00627   0.00987   2.93100;
-0.00854  -0.18451   0.98279  -12.47110;
 0.00799  -0.98281  -0.18444  -2.62868;
 0.00000   0.00000   0.00000   1.00000;

movvol 008/template.nii.gz
targvol /scratch/groups/lisik3/mcmahoneg/mri_data_anlys/subjects/s003/mri/aparc+aseg.mgz
outvol 008/masks/brain.nii.gz
regfile /scratch/groups/lisik3/mcmahoneg/mri_data_anlys/studies/cont_actions/unpackdata/s003/bold/008/register.dof6.lta
invert 1
tal    0
talres 2
regheader 0
noresample 0
interp  nearest (0)
precision  float (3)
Gdiag_no  -1
Synth      0
SynthSeed  1583939693

Invert!
Inverting registration

Final tkRAS-to-tkRAS Matrix is:
 0.99993  -0.00854   0.00799  -3.01637;
 0.00627  -0.18451  -0.98281  -4.90294;
 0.00987   0.98279  -0.18444   11.74274;
 0.00000   0.00000   0.00000   1.00000;


Vox2Vox Matrix is:
 2.74981   0.02196   0.02991   19.63701;
 0.02715  -0.50722  -3.43978   193.93651;
-0.01725   2.70273  -0.64579   26.65628;
 0.00000   0.00000   0.00000   1.00000;

Resampling
Output registration matrix is identity

mri_vol2vol done
mri_binarize --i 008/masks/brain.nii.gz --o 008/masks/brain.nii.gz --min 0.5

$Id: mri_binarize.c,v 1.43 2016/06/09 20:46:21 greve Exp $
cwd /scratch/groups/lisik3/mcmahoneg/mri_data_anlys/studies/cont_actions/unpackdata/s003/bold
cmdline mri_binarize.bin --i 008/masks/brain.nii.gz --o 008/masks/brain.nii.gz --min 0.5 
sysname  Linux
hostname compute0200
machine  x86_64
user     emcmaho7@jhu.edu

input      008/masks/brain.nii.gz
frame      0
nErode3d   0
nErode2d   0
output     008/masks/brain.nii.gz
Binarizing based on threshold
min        0.5
max        +infinity
binval        1
binvalnot     0
fstart = 0, fend = 0, nframes = 1
Found 46922 values in range
Counting number of voxels in first frame
Found 46922 voxels in final mask
Count: 46922 1241966.687500 217600 21.563419
mri_binarize done
Diliating 1
mri_binarize --i 008/masks/brain.nii.gz --min 0.5 --dilate 1 --o 008/masks/brain.nii.gz

$Id: mri_binarize.c,v 1.43 2016/06/09 20:46:21 greve Exp $
cwd /scratch/groups/lisik3/mcmahoneg/mri_data_anlys/studies/cont_actions/unpackdata/s003/bold
cmdline mri_binarize.bin --i 008/masks/brain.nii.gz --min 0.5 --dilate 1 --o 008/masks/brain.nii.gz 
sysname  Linux
hostname compute0200
machine  x86_64
user     emcmaho7@jhu.edu

input      008/masks/brain.nii.gz
frame      0
nErode3d   0
nErode2d   0
output     008/masks/brain.nii.gz
Binarizing based on threshold
min        0.5
max        +infinity
binval        1
binvalnot     0
fstart = 0, fend = 0, nframes = 1
Found 46922 values in range
Dilating 1 voxels in 3d
Counting number of voxels in first frame
Found 65350 voxels in final mask
Count: 65350 1729732.812500 217600 30.032169
mri_binarize done
 
Started at Wed Mar 4 14:41:49 EST 2020 
Ended   at Wed Mar  4 14:41:50 EST 2020
Mkbrainmask-Run-Time-Sec 1
 
mkbrainmask Done
mri_binarize --i 008/masks/brain.nii.gz --min 0.5 --zero-edges --erode 3 --o 008/masks/brain.e3.nii.gz

$Id: mri_binarize.c,v 1.43 2016/06/09 20:46:21 greve Exp $
cwd /scratch/groups/lisik3/mcmahoneg/mri_data_anlys/studies/cont_actions/unpackdata/s003/bold
cmdline mri_binarize.bin --i 008/masks/brain.nii.gz --min 0.5 --zero-edges --erode 3 --o 008/masks/brain.e3.nii.gz 
sysname  Linux
hostname compute0200
machine  x86_64
user     emcmaho7@jhu.edu

input      008/masks/brain.nii.gz
frame      0
nErode3d   3
nErode2d   0
output     008/masks/brain.e3.nii.gz
Binarizing based on threshold
min        0.5
max        +infinity
binval        1
binvalnot     0
fstart = 0, fend = 0, nframes = 1
Found 63946 values in range
Eroding 3 voxels in 3d
Counting number of voxels in first frame
Found 31415 voxels in final mask
Count: 31415 831515.781250 217600 14.437040
mri_binarize done
mkbrainmask -i 009/template.nii.gz -o 009/masks/brain.nii.gz -reg /scratch/groups/lisik3/mcmahoneg/mri_data_anlys/studies/cont_actions/unpackdata/s003/bold/009/register.dof6.lta -ndil 1 -nerode 0
Wed Mar  4 14:41:51 EST 2020

setenv SUBJECTS_DIR /scratch/groups/lisik3/mcmahoneg/mri_data_anlys/subjects
cd /scratch/groups/lisik3/mcmahoneg/mri_data_anlys/studies/cont_actions/unpackdata/s003/bold
/software/apps/freesurfer/6.0.0/fsfast/bin/mkbrainmask -i 009/template.nii.gz -o 009/masks/brain.nii.gz -reg /scratch/groups/lisik3/mcmahoneg/mri_data_anlys/studies/cont_actions/unpackdata/s003/bold/009/register.dof6.lta -ndil 1 -nerode 0

freesurfer-Linux-centos6_x86_64-stable-pub-v6.0.0-2beb96c
$Id: mkbrainmask,v 1.17 2015/12/10 22:51:30 zkaufman Exp $
Linux compute0200 3.10.0-862.9.1.el7.x86_64 #1 SMP Mon Jul 16 16:29:36 UTC 2018 x86_64 x86_64 x86_64 GNU/Linux
mri_vol2vol --mov 009/template.nii.gz --reg /scratch/groups/lisik3/mcmahoneg/mri_data_anlys/studies/cont_actions/unpackdata/s003/bold/009/register.dof6.lta --inv --interp nearest --o 009/masks/brain.nii.gz --targ /scratch/groups/lisik3/mcmahoneg/mri_data_anlys/subjects/s003/mri/aparc+aseg.mgz
regio_read_register: loading lta

Matrix from regfile:
 0.99995   0.00722   0.00715   2.97900;
-0.00568  -0.18555   0.98262  -12.55956;
 0.00842  -0.98261  -0.18550  -2.56725;
 0.00000   0.00000   0.00000   1.00000;

movvol 009/template.nii.gz
targvol /scratch/groups/lisik3/mcmahoneg/mri_data_anlys/subjects/s003/mri/aparc+aseg.mgz
outvol 009/masks/brain.nii.gz
regfile /scratch/groups/lisik3/mcmahoneg/mri_data_anlys/studies/cont_actions/unpackdata/s003/bold/009/register.dof6.lta
invert 1
tal    0
talres 2
regheader 0
noresample 0
interp  nearest (0)
precision  float (3)
Gdiag_no  -1
Synth      0
SynthSeed  1583541679

Invert!
Inverting registration

Final tkRAS-to-tkRAS Matrix is:
 0.99995  -0.00568   0.00842  -3.02863;
 0.00722  -0.18555  -0.98261  -4.87455;
 0.00715   0.98262  -0.18550   11.84373;
 0.00000   0.00000   0.00000   1.00000;


Vox2Vox Matrix is:
 2.74986   0.02316   0.01990   19.76980;
 0.01966  -0.51013  -3.43916   194.24072;
-0.01985   2.70217  -0.64943   26.87297;
 0.00000   0.00000   0.00000   1.00000;

Resampling
Output registration matrix is identity

mri_vol2vol done
mri_binarize --i 009/masks/brain.nii.gz --o 009/masks/brain.nii.gz --min 0.5

$Id: mri_binarize.c,v 1.43 2016/06/09 20:46:21 greve Exp $
cwd /scratch/groups/lisik3/mcmahoneg/mri_data_anlys/studies/cont_actions/unpackdata/s003/bold
cmdline mri_binarize.bin --i 009/masks/brain.nii.gz --o 009/masks/brain.nii.gz --min 0.5 
sysname  Linux
hostname compute0200
machine  x86_64
user     emcmaho7@jhu.edu

input      009/masks/brain.nii.gz
frame      0
nErode3d   0
nErode2d   0
output     009/masks/brain.nii.gz
Binarizing based on threshold
min        0.5
max        +infinity
binval        1
binvalnot     0
fstart = 0, fend = 0, nframes = 1
Found 46917 values in range
Counting number of voxels in first frame
Found 46917 voxels in final mask
Count: 46917 1241834.343750 217600 21.561121
mri_binarize done
Diliating 1
mri_binarize --i 009/masks/brain.nii.gz --min 0.5 --dilate 1 --o 009/masks/brain.nii.gz

$Id: mri_binarize.c,v 1.43 2016/06/09 20:46:21 greve Exp $
cwd /scratch/groups/lisik3/mcmahoneg/mri_data_anlys/studies/cont_actions/unpackdata/s003/bold
cmdline mri_binarize.bin --i 009/masks/brain.nii.gz --min 0.5 --dilate 1 --o 009/masks/brain.nii.gz 
sysname  Linux
hostname compute0200
machine  x86_64
user     emcmaho7@jhu.edu

input      009/masks/brain.nii.gz
frame      0
nErode3d   0
nErode2d   0
output     009/masks/brain.nii.gz
Binarizing based on threshold
min        0.5
max        +infinity
binval        1
binvalnot     0
fstart = 0, fend = 0, nframes = 1
Found 46917 values in range
Dilating 1 voxels in 3d
Counting number of voxels in first frame
Found 65261 voxels in final mask
Count: 65261 1727377.093750 217600 29.991268
mri_binarize done
 
Started at Wed Mar 4 14:41:51 EST 2020 
Ended   at Wed Mar  4 14:41:52 EST 2020
Mkbrainmask-Run-Time-Sec 1
 
mkbrainmask Done
mri_binarize --i 009/masks/brain.nii.gz --min 0.5 --zero-edges --erode 3 --o 009/masks/brain.e3.nii.gz

$Id: mri_binarize.c,v 1.43 2016/06/09 20:46:21 greve Exp $
cwd /scratch/groups/lisik3/mcmahoneg/mri_data_anlys/studies/cont_actions/unpackdata/s003/bold
cmdline mri_binarize.bin --i 009/masks/brain.nii.gz --min 0.5 --zero-edges --erode 3 --o 009/masks/brain.e3.nii.gz 
sysname  Linux
hostname compute0200
machine  x86_64
user     emcmaho7@jhu.edu

input      009/masks/brain.nii.gz
frame      0
nErode3d   3
nErode2d   0
output     009/masks/brain.e3.nii.gz
Binarizing based on threshold
min        0.5
max        +infinity
binval        1
binvalnot     0
fstart = 0, fend = 0, nframes = 1
Found 63873 values in range
Eroding 3 voxels in 3d
Counting number of voxels in first frame
Found 31430 voxels in final mask
Count: 31430 831912.812500 217600 14.443934
mri_binarize done
mkbrainmask -i 010/template.nii.gz -o 010/masks/brain.nii.gz -reg /scratch/groups/lisik3/mcmahoneg/mri_data_anlys/studies/cont_actions/unpackdata/s003/bold/010/register.dof6.lta -ndil 1 -nerode 0
Wed Mar  4 14:41:52 EST 2020

setenv SUBJECTS_DIR /scratch/groups/lisik3/mcmahoneg/mri_data_anlys/subjects
cd /scratch/groups/lisik3/mcmahoneg/mri_data_anlys/studies/cont_actions/unpackdata/s003/bold
/software/apps/freesurfer/6.0.0/fsfast/bin/mkbrainmask -i 010/template.nii.gz -o 010/masks/brain.nii.gz -reg /scratch/groups/lisik3/mcmahoneg/mri_data_anlys/studies/cont_actions/unpackdata/s003/bold/010/register.dof6.lta -ndil 1 -nerode 0

freesurfer-Linux-centos6_x86_64-stable-pub-v6.0.0-2beb96c
$Id: mkbrainmask,v 1.17 2015/12/10 22:51:30 zkaufman Exp $
Linux compute0200 3.10.0-862.9.1.el7.x86_64 #1 SMP Mon Jul 16 16:29:36 UTC 2018 x86_64 x86_64 x86_64 GNU/Linux
mri_vol2vol --mov 010/template.nii.gz --reg /scratch/groups/lisik3/mcmahoneg/mri_data_anlys/studies/cont_actions/unpackdata/s003/bold/010/register.dof6.lta --inv --interp nearest --o 010/masks/brain.nii.gz --targ /scratch/groups/lisik3/mcmahoneg/mri_data_anlys/subjects/s003/mri/aparc+aseg.mgz
regio_read_register: loading lta

Matrix from regfile:
 0.99994   0.00446   0.01003   2.82077;
-0.00902  -0.18703   0.98231  -14.25862;
 0.00625  -0.98234  -0.18698  -2.35397;
 0.00000   0.00000   0.00000   1.00000;

movvol 010/template.nii.gz
targvol /scratch/groups/lisik3/mcmahoneg/mri_data_anlys/subjects/s003/mri/aparc+aseg.mgz
outvol 010/masks/brain.nii.gz
regfile /scratch/groups/lisik3/mcmahoneg/mri_data_anlys/studies/cont_actions/unpackdata/s003/bold/010/register.dof6.lta
invert 1
tal    0
talres 2
regheader 0
noresample 0
interp  nearest (0)
precision  float (3)
Gdiag_no  -1
Synth      0
SynthSeed  1584079245

Invert!
Inverting registration

Final tkRAS-to-tkRAS Matrix is:
 0.99994  -0.00902   0.00625  -2.93455;
 0.00446  -0.18703  -0.98234  -4.99173;
 0.01003   0.98231  -0.18698   13.53800;
 0.00000   0.00000   0.00000   1.00000;


Vox2Vox Matrix is:
 2.74983   0.01720   0.03158   19.71629;
 0.02759  -0.51418  -3.43810   192.37328;
-0.01226   2.70145  -0.65460   26.56870;
 0.00000   0.00000   0.00000   1.00000;

Resampling
Output registration matrix is identity

mri_vol2vol done
mri_binarize --i 010/masks/brain.nii.gz --o 010/masks/brain.nii.gz --min 0.5

$Id: mri_binarize.c,v 1.43 2016/06/09 20:46:21 greve Exp $
cwd /scratch/groups/lisik3/mcmahoneg/mri_data_anlys/studies/cont_actions/unpackdata/s003/bold
cmdline mri_binarize.bin --i 010/masks/brain.nii.gz --o 010/masks/brain.nii.gz --min 0.5 
sysname  Linux
hostname compute0200
machine  x86_64
user     emcmaho7@jhu.edu

input      010/masks/brain.nii.gz
frame      0
nErode3d   0
nErode2d   0
output     010/masks/brain.nii.gz
Binarizing based on threshold
min        0.5
max        +infinity
binval        1
binvalnot     0
fstart = 0, fend = 0, nframes = 1
Found 46551 values in range
Counting number of voxels in first frame
Found 46551 voxels in final mask
Count: 46551 1232146.781250 217600 21.392923
mri_binarize done
Diliating 1
mri_binarize --i 010/masks/brain.nii.gz --min 0.5 --dilate 1 --o 010/masks/brain.nii.gz

$Id: mri_binarize.c,v 1.43 2016/06/09 20:46:21 greve Exp $
cwd /scratch/groups/lisik3/mcmahoneg/mri_data_anlys/studies/cont_actions/unpackdata/s003/bold
cmdline mri_binarize.bin --i 010/masks/brain.nii.gz --min 0.5 --dilate 1 --o 010/masks/brain.nii.gz 
sysname  Linux
hostname compute0200
machine  x86_64
user     emcmaho7@jhu.edu

input      010/masks/brain.nii.gz
frame      0
nErode3d   0
nErode2d   0
output     010/masks/brain.nii.gz
Binarizing based on threshold
min        0.5
max        +infinity
binval        1
binvalnot     0
fstart = 0, fend = 0, nframes = 1
Found 46551 values in range
Dilating 1 voxels in 3d
Counting number of voxels in first frame
Found 64748 voxels in final mask
Count: 64748 1713798.625000 217600 29.755515
mri_binarize done
 
Started at Wed Mar 4 14:41:52 EST 2020 
Ended   at Wed Mar  4 14:41:53 EST 2020
Mkbrainmask-Run-Time-Sec 1
 
mkbrainmask Done
mri_binarize --i 010/masks/brain.nii.gz --min 0.5 --zero-edges --erode 3 --o 010/masks/brain.e3.nii.gz

$Id: mri_binarize.c,v 1.43 2016/06/09 20:46:21 greve Exp $
cwd /scratch/groups/lisik3/mcmahoneg/mri_data_anlys/studies/cont_actions/unpackdata/s003/bold
cmdline mri_binarize.bin --i 010/masks/brain.nii.gz --min 0.5 --zero-edges --erode 3 --o 010/masks/brain.e3.nii.gz 
sysname  Linux
hostname compute0200
machine  x86_64
user     emcmaho7@jhu.edu

input      010/masks/brain.nii.gz
frame      0
nErode3d   3
nErode2d   0
output     010/masks/brain.e3.nii.gz
Binarizing based on threshold
min        0.5
max        +infinity
binval        1
binvalnot     0
fstart = 0, fend = 0, nframes = 1
Found 63290 values in range
Eroding 3 voxels in 3d
