mkbrainmask-sess
s002
$Id: mkbrainmask-sess,v 1.26 2015/12/10 22:51:30 zkaufman Exp $
Linux compute0200 3.10.0-862.9.1.el7.x86_64 #1 SMP Mon Jul 16 16:29:36 UTC 2018 x86_64 x86_64 x86_64 GNU/Linux
Tue Mar  3 08:37:05 EST 2020
/scratch/groups/lisik3/mcmahoneg/mri_data_anlys/studies/cont_actions/analysis
/software/apps/freesurfer/6.0.0/fsfast/bin/mkbrainmask-sess -maskstem brain -fsd bold -s s002 -d /scratch/groups/lisik3/mcmahoneg/mri_data_anlys/studies/cont_actions/unpackdata -per-run
ProjectDir /scratch/groups/lisik3/mcmahoneg/mri_data_anlys/studies/cont_actions/analysis
------------------------------------------------
/scratch/groups/lisik3/mcmahoneg/mri_data_anlys/studies/cont_actions/unpackdata/s002 
Tue Mar  3 08:37:05 EST 2020
mkbrainmask -i template.nii.gz -o masks/brain.nii.gz -reg /scratch/groups/lisik3/mcmahoneg/mri_data_anlys/studies/cont_actions/unpackdata/s002/bold/register.dof6.lta -ndil 1 -nerode 0
Tue Mar  3 08:37:05 EST 2020

setenv SUBJECTS_DIR /scratch/groups/lisik3/mcmahoneg/mri_data_anlys/subjects
cd /scratch/groups/lisik3/mcmahoneg/mri_data_anlys/studies/cont_actions/unpackdata/s002/bold
/software/apps/freesurfer/6.0.0/fsfast/bin/mkbrainmask -i template.nii.gz -o masks/brain.nii.gz -reg /scratch/groups/lisik3/mcmahoneg/mri_data_anlys/studies/cont_actions/unpackdata/s002/bold/register.dof6.lta -ndil 1 -nerode 0

freesurfer-Linux-centos6_x86_64-stable-pub-v6.0.0-2beb96c
$Id: mkbrainmask,v 1.17 2015/12/10 22:51:30 zkaufman Exp $
Linux compute0200 3.10.0-862.9.1.el7.x86_64 #1 SMP Mon Jul 16 16:29:36 UTC 2018 x86_64 x86_64 x86_64 GNU/Linux
mri_vol2vol --mov template.nii.gz --reg /scratch/groups/lisik3/mcmahoneg/mri_data_anlys/studies/cont_actions/unpackdata/s002/bold/register.dof6.lta --inv --interp nearest --o masks/brain.nii.gz --targ /scratch/groups/lisik3/mcmahoneg/mri_data_anlys/subjects/s002/mri/aparc+aseg.mgz
regio_read_register: loading lta

Matrix from regfile:
 0.99994  -0.00087  -0.01100   1.53687;
 0.01070  -0.16771   0.98578  -14.96080;
-0.00270  -0.98584  -0.16769  -2.30841;
 0.00000   0.00000   0.00000   1.00000;

movvol template.nii.gz
targvol /scratch/groups/lisik3/mcmahoneg/mri_data_anlys/subjects/s002/mri/aparc+aseg.mgz
outvol masks/brain.nii.gz
regfile /scratch/groups/lisik3/mcmahoneg/mri_data_anlys/studies/cont_actions/unpackdata/s002/bold/register.dof6.lta
invert 1
tal    0
talres 2
regheader 0
noresample 0
interp  nearest (0)
precision  float (3)
Gdiag_no  -1
Synth      0
SynthSeed  1583641038

Invert!
Inverting registration

Final tkRAS-to-tkRAS Matrix is:
 0.99994   0.01070  -0.00270  -1.38295;
-0.00087  -0.16771  -0.98584  -4.78351;
-0.01100   0.98578  -0.16769   14.37782;
 0.00000   0.00000   0.00000   1.00000;


Vox2Vox Matrix is:
 2.74983  -0.00743  -0.03744   20.32330;
-0.03025  -0.46116  -3.45004   191.92935;
 0.00239   2.71105  -0.58697   24.65755;
 0.00000   0.00000   0.00000   1.00000;

Resampling
Output registration matrix is identity

mri_vol2vol done
mri_binarize --i masks/brain.nii.gz --o masks/brain.nii.gz --min 0.5

$Id: mri_binarize.c,v 1.43 2016/06/09 20:46:21 greve Exp $
cwd /scratch/groups/lisik3/mcmahoneg/mri_data_anlys/studies/cont_actions/unpackdata/s002/bold
cmdline mri_binarize.bin --i masks/brain.nii.gz --o masks/brain.nii.gz --min 0.5 
sysname  Linux
hostname compute0200
machine  x86_64
user     emcmaho7@jhu.edu

input      masks/brain.nii.gz
frame      0
nErode3d   0
nErode2d   0
output     masks/brain.nii.gz
Binarizing based on threshold
min        0.5
max        +infinity
binval        1
binvalnot     0
fstart = 0, fend = 0, nframes = 1
Found 43419 values in range
Counting number of voxels in first frame
Found 43419 voxels in final mask
Count: 43419 1149187.526218 217600 19.953585
mri_binarize done
Diliating 1
mri_binarize --i masks/brain.nii.gz --min 0.5 --dilate 1 --o masks/brain.nii.gz

$Id: mri_binarize.c,v 1.43 2016/06/09 20:46:21 greve Exp $
cwd /scratch/groups/lisik3/mcmahoneg/mri_data_anlys/studies/cont_actions/unpackdata/s002/bold
cmdline mri_binarize.bin --i masks/brain.nii.gz --min 0.5 --dilate 1 --o masks/brain.nii.gz 
sysname  Linux
hostname compute0200
machine  x86_64
user     emcmaho7@jhu.edu

input      masks/brain.nii.gz
frame      0
nErode3d   0
nErode2d   0
output     masks/brain.nii.gz
Binarizing based on threshold
min        0.5
max        +infinity
binval        1
binvalnot     0
fstart = 0, fend = 0, nframes = 1
Found 43419 values in range
Dilating 1 voxels in 3d
Counting number of voxels in first frame
Found 59386 voxels in final mask
Count: 59386 1571792.312859 217600 27.291360
mri_binarize done
 
Started at Tue Mar 3 08:37:05 EST 2020 
Ended   at Tue Mar  3 08:37:09 EST 2020
Mkbrainmask-Run-Time-Sec 4
 
mkbrainmask Done
mri_binarize --i masks/brain.nii.gz --min 0.5 --zero-edges --erode 3 --o masks/brain.e3.nii.gz

$Id: mri_binarize.c,v 1.43 2016/06/09 20:46:21 greve Exp $
cwd /scratch/groups/lisik3/mcmahoneg/mri_data_anlys/studies/cont_actions/unpackdata/s002/bold
cmdline mri_binarize.bin --i masks/brain.nii.gz --min 0.5 --zero-edges --erode 3 --o masks/brain.e3.nii.gz 
sysname  Linux
hostname compute0200
machine  x86_64
user     emcmaho7@jhu.edu

input      masks/brain.nii.gz
frame      0
nErode3d   3
nErode2d   0
output     masks/brain.e3.nii.gz
Binarizing based on threshold
min        0.5
max        +infinity
binval        1
binvalnot     0
fstart = 0, fend = 0, nframes = 1
Found 58452 values in range
Eroding 3 voxels in 3d
Counting number of voxels in first frame
Found 27891 voxels in final mask
Count: 27891 738201.922977 217600 12.817555
mri_binarize done
mkbrainmask -i 003/template.nii.gz -o 003/masks/brain.nii.gz -reg /scratch/groups/lisik3/mcmahoneg/mri_data_anlys/studies/cont_actions/unpackdata/s002/bold/003/register.dof6.lta -ndil 1 -nerode 0
Tue Mar  3 08:37:09 EST 2020

setenv SUBJECTS_DIR /scratch/groups/lisik3/mcmahoneg/mri_data_anlys/subjects
cd /scratch/groups/lisik3/mcmahoneg/mri_data_anlys/studies/cont_actions/unpackdata/s002/bold
/software/apps/freesurfer/6.0.0/fsfast/bin/mkbrainmask -i 003/template.nii.gz -o 003/masks/brain.nii.gz -reg /scratch/groups/lisik3/mcmahoneg/mri_data_anlys/studies/cont_actions/unpackdata/s002/bold/003/register.dof6.lta -ndil 1 -nerode 0

freesurfer-Linux-centos6_x86_64-stable-pub-v6.0.0-2beb96c
$Id: mkbrainmask,v 1.17 2015/12/10 22:51:30 zkaufman Exp $
Linux compute0200 3.10.0-862.9.1.el7.x86_64 #1 SMP Mon Jul 16 16:29:36 UTC 2018 x86_64 x86_64 x86_64 GNU/Linux
mri_vol2vol --mov 003/template.nii.gz --reg /scratch/groups/lisik3/mcmahoneg/mri_data_anlys/studies/cont_actions/unpackdata/s002/bold/003/register.dof6.lta --inv --interp nearest --o 003/masks/brain.nii.gz --targ /scratch/groups/lisik3/mcmahoneg/mri_data_anlys/subjects/s002/mri/aparc+aseg.mgz
regio_read_register: loading lta

Matrix from regfile:
 0.99993  -0.00041  -0.01142   1.56700;
 0.01118  -0.17043   0.98531  -14.93062;
-0.00235  -0.98537  -0.17041  -2.45885;
 0.00000   0.00000   0.00000   1.00000;

movvol 003/template.nii.gz
targvol /scratch/groups/lisik3/mcmahoneg/mri_data_anlys/subjects/s002/mri/aparc+aseg.mgz
outvol 003/masks/brain.nii.gz
regfile /scratch/groups/lisik3/mcmahoneg/mri_data_anlys/studies/cont_actions/unpackdata/s002/bold/003/register.dof6.lta
invert 1
tal    0
talres 2
regheader 0
noresample 0
interp  nearest (0)
precision  float (3)
Gdiag_no  -1
Synth      0
SynthSeed  1584154024

Invert!
Inverting registration

Final tkRAS-to-tkRAS Matrix is:
 0.99993   0.01118  -0.00235  -1.40577;
-0.00041  -0.17043  -0.98537  -4.96681;
-0.01142   0.98531  -0.17041   14.31012;
 0.00000   0.00000   0.00000   1.00000;


Vox2Vox Matrix is:
 2.74982  -0.00647  -0.03913   20.33690;
-0.03140  -0.46863  -3.44840   192.31372;
 0.00114   2.70977  -0.59646   24.73691;
 0.00000   0.00000   0.00000   1.00000;

Resampling
Output registration matrix is identity

mri_vol2vol done
mri_binarize --i 003/masks/brain.nii.gz --o 003/masks/brain.nii.gz --min 0.5

$Id: mri_binarize.c,v 1.43 2016/06/09 20:46:21 greve Exp $
cwd /scratch/groups/lisik3/mcmahoneg/mri_data_anlys/studies/cont_actions/unpackdata/s002/bold
cmdline mri_binarize.bin --i 003/masks/brain.nii.gz --o 003/masks/brain.nii.gz --min 0.5 
sysname  Linux
hostname compute0200
machine  x86_64
user     emcmaho7@jhu.edu

input      003/masks/brain.nii.gz
frame      0
nErode3d   0
nErode2d   0
output     003/masks/brain.nii.gz
Binarizing based on threshold
min        0.5
max        +infinity
binval        1
binvalnot     0
fstart = 0, fend = 0, nframes = 1
Found 43416 values in range
Counting number of voxels in first frame
Found 43416 voxels in final mask
Count: 43416 1149108.124054 217600 19.952206
mri_binarize done
Diliating 1
mri_binarize --i 003/masks/brain.nii.gz --min 0.5 --dilate 1 --o 003/masks/brain.nii.gz

$Id: mri_binarize.c,v 1.43 2016/06/09 20:46:21 greve Exp $
cwd /scratch/groups/lisik3/mcmahoneg/mri_data_anlys/studies/cont_actions/unpackdata/s002/bold
cmdline mri_binarize.bin --i 003/masks/brain.nii.gz --min 0.5 --dilate 1 --o 003/masks/brain.nii.gz 
sysname  Linux
hostname compute0200
machine  x86_64
user     emcmaho7@jhu.edu

input      003/masks/brain.nii.gz
frame      0
nErode3d   0
nErode2d   0
output     003/masks/brain.nii.gz
Binarizing based on threshold
min        0.5
max        +infinity
binval        1
binvalnot     0
fstart = 0, fend = 0, nframes = 1
Found 43416 values in range
Dilating 1 voxels in 3d
Counting number of voxels in first frame
Found 59411 voxels in final mask
Count: 59411 1572453.997562 217600 27.302849
mri_binarize done
 
Started at Tue Mar 3 08:37:09 EST 2020 
Ended   at Tue Mar  3 08:37:11 EST 2020
Mkbrainmask-Run-Time-Sec 2
 
mkbrainmask Done
mri_binarize --i 003/masks/brain.nii.gz --min 0.5 --zero-edges --erode 3 --o 003/masks/brain.e3.nii.gz

$Id: mri_binarize.c,v 1.43 2016/06/09 20:46:21 greve Exp $
cwd /scratch/groups/lisik3/mcmahoneg/mri_data_anlys/studies/cont_actions/unpackdata/s002/bold
cmdline mri_binarize.bin --i 003/masks/brain.nii.gz --min 0.5 --zero-edges --erode 3 --o 003/masks/brain.e3.nii.gz 
sysname  Linux
hostname compute0200
machine  x86_64
user     emcmaho7@jhu.edu

input      003/masks/brain.nii.gz
frame      0
nErode3d   3
nErode2d   0
output     003/masks/brain.e3.nii.gz
Binarizing based on threshold
min        0.5
max        +infinity
binval        1
binvalnot     0
fstart = 0, fend = 0, nframes = 1
Found 58479 values in range
Eroding 3 voxels in 3d
Counting number of voxels in first frame
Found 27855 voxels in final mask
Count: 27855 737249.097004 217600 12.801011
mri_binarize done
mkbrainmask -i 004/template.nii.gz -o 004/masks/brain.nii.gz -reg /scratch/groups/lisik3/mcmahoneg/mri_data_anlys/studies/cont_actions/unpackdata/s002/bold/004/register.dof6.lta -ndil 1 -nerode 0
Tue Mar  3 08:37:11 EST 2020

setenv SUBJECTS_DIR /scratch/groups/lisik3/mcmahoneg/mri_data_anlys/subjects
cd /scratch/groups/lisik3/mcmahoneg/mri_data_anlys/studies/cont_actions/unpackdata/s002/bold
/software/apps/freesurfer/6.0.0/fsfast/bin/mkbrainmask -i 004/template.nii.gz -o 004/masks/brain.nii.gz -reg /scratch/groups/lisik3/mcmahoneg/mri_data_anlys/studies/cont_actions/unpackdata/s002/bold/004/register.dof6.lta -ndil 1 -nerode 0

freesurfer-Linux-centos6_x86_64-stable-pub-v6.0.0-2beb96c
$Id: mkbrainmask,v 1.17 2015/12/10 22:51:30 zkaufman Exp $
Linux compute0200 3.10.0-862.9.1.el7.x86_64 #1 SMP Mon Jul 16 16:29:36 UTC 2018 x86_64 x86_64 x86_64 GNU/Linux
mri_vol2vol --mov 004/template.nii.gz --reg /scratch/groups/lisik3/mcmahoneg/mri_data_anlys/studies/cont_actions/unpackdata/s002/bold/004/register.dof6.lta --inv --interp nearest --o 004/masks/brain.nii.gz --targ /scratch/groups/lisik3/mcmahoneg/mri_data_anlys/subjects/s002/mri/aparc+aseg.mgz
regio_read_register: loading lta

Matrix from regfile:
 0.99989   0.00018  -0.01450   1.62324;
 0.01432  -0.17245   0.98491  -14.79559;
-0.00233  -0.98502  -0.17243  -2.69810;
 0.00000   0.00000   0.00000   1.00000;

movvol 004/template.nii.gz
targvol /scratch/groups/lisik3/mcmahoneg/mri_data_anlys/subjects/s002/mri/aparc+aseg.mgz
outvol 004/masks/brain.nii.gz
regfile /scratch/groups/lisik3/mcmahoneg/mri_data_anlys/studies/cont_actions/unpackdata/s002/bold/004/register.dof6.lta
invert 1
tal    0
talres 2
regheader 0
noresample 0
interp  nearest (0)
precision  float (3)
Gdiag_no  -1
Synth      0
SynthSeed  1583646502

Invert!
Inverting registration

Final tkRAS-to-tkRAS Matrix is:
 0.99989   0.01432  -0.00233  -1.41753;
 0.00018  -0.17245  -0.98502  -5.20944;
-0.01450   0.98491  -0.17243   14.13070;
 0.00000   0.00000   0.00000   1.00000;


Vox2Vox Matrix is:
 2.74971  -0.00639  -0.05010   20.53663;
-0.03988  -0.47419  -3.44702   193.03152;
-0.00049   2.70880  -0.60354   24.71820;
 0.00000   0.00000   0.00000   1.00000;

Resampling
Output registration matrix is identity

mri_vol2vol done
mri_binarize --i 004/masks/brain.nii.gz --o 004/masks/brain.nii.gz --min 0.5

$Id: mri_binarize.c,v 1.43 2016/06/09 20:46:21 greve Exp $
cwd /scratch/groups/lisik3/mcmahoneg/mri_data_anlys/studies/cont_actions/unpackdata/s002/bold
cmdline mri_binarize.bin --i 004/masks/brain.nii.gz --o 004/masks/brain.nii.gz --min 0.5 
sysname  Linux
hostname compute0200
machine  x86_64
user     emcmaho7@jhu.edu

input      004/masks/brain.nii.gz
frame      0
nErode3d   0
nErode2d   0
output     004/masks/brain.nii.gz
Binarizing based on threshold
min        0.5
max        +infinity
binval        1
binvalnot     0
fstart = 0, fend = 0, nframes = 1
Found 43542 values in range
Counting number of voxels in first frame
Found 43542 voxels in final mask
Count: 43542 1152443.014961 217600 20.010110
mri_binarize done
Diliating 1
mri_binarize --i 004/masks/brain.nii.gz --min 0.5 --dilate 1 --o 004/masks/brain.nii.gz

$Id: mri_binarize.c,v 1.43 2016/06/09 20:46:21 greve Exp $
cwd /scratch/groups/lisik3/mcmahoneg/mri_data_anlys/studies/cont_actions/unpackdata/s002/bold
cmdline mri_binarize.bin --i 004/masks/brain.nii.gz --min 0.5 --dilate 1 --o 004/masks/brain.nii.gz 
sysname  Linux
hostname compute0200
machine  x86_64
user     emcmaho7@jhu.edu

input      004/masks/brain.nii.gz
frame      0
nErode3d   0
nErode2d   0
output     004/masks/brain.nii.gz
Binarizing based on threshold
min        0.5
max        +infinity
binval        1
binvalnot     0
fstart = 0, fend = 0, nframes = 1
Found 43542 values in range
Dilating 1 voxels in 3d
Counting number of voxels in first frame
Found 59510 voxels in final mask
Count: 59510 1575074.268990 217600 27.348346
mri_binarize done
 
Started at Tue Mar 3 08:37:11 EST 2020 
Ended   at Tue Mar  3 08:37:12 EST 2020
Mkbrainmask-Run-Time-Sec 1
 
mkbrainmask Done
mri_binarize --i 004/masks/brain.nii.gz --min 0.5 --zero-edges --erode 3 --o 004/masks/brain.e3.nii.gz

$Id: mri_binarize.c,v 1.43 2016/06/09 20:46:21 greve Exp $
cwd /scratch/groups/lisik3/mcmahoneg/mri_data_anlys/studies/cont_actions/unpackdata/s002/bold
cmdline mri_binarize.bin --i 004/masks/brain.nii.gz --min 0.5 --zero-edges --erode 3 --o 004/masks/brain.e3.nii.gz 
sysname  Linux
hostname compute0200
machine  x86_64
user     emcmaho7@jhu.edu

input      004/masks/brain.nii.gz
frame      0
nErode3d   3
nErode2d   0
output     004/masks/brain.e3.nii.gz
Binarizing based on threshold
min        0.5
max        +infinity
binval        1
binvalnot     0
fstart = 0, fend = 0, nframes = 1
Found 58572 values in range
Eroding 3 voxels in 3d
Counting number of voxels in first frame
Found 27934 voxels in final mask
Count: 27934 739340.020668 217600 12.837316
mri_binarize done
mkbrainmask -i 005/template.nii.gz -o 005/masks/brain.nii.gz -reg /scratch/groups/lisik3/mcmahoneg/mri_data_anlys/studies/cont_actions/unpackdata/s002/bold/005/register.dof6.lta -ndil 1 -nerode 0
Tue Mar  3 08:37:12 EST 2020

setenv SUBJECTS_DIR /scratch/groups/lisik3/mcmahoneg/mri_data_anlys/subjects
cd /scratch/groups/lisik3/mcmahoneg/mri_data_anlys/studies/cont_actions/unpackdata/s002/bold
/software/apps/freesurfer/6.0.0/fsfast/bin/mkbrainmask -i 005/template.nii.gz -o 005/masks/brain.nii.gz -reg /scratch/groups/lisik3/mcmahoneg/mri_data_anlys/studies/cont_actions/unpackdata/s002/bold/005/register.dof6.lta -ndil 1 -nerode 0

freesurfer-Linux-centos6_x86_64-stable-pub-v6.0.0-2beb96c
$Id: mkbrainmask,v 1.17 2015/12/10 22:51:30 zkaufman Exp $
Linux compute0200 3.10.0-862.9.1.el7.x86_64 #1 SMP Mon Jul 16 16:29:36 UTC 2018 x86_64 x86_64 x86_64 GNU/Linux
mri_vol2vol --mov 005/template.nii.gz --reg /scratch/groups/lisik3/mcmahoneg/mri_data_anlys/studies/cont_actions/unpackdata/s002/bold/005/register.dof6.lta --inv --interp nearest --o 005/masks/brain.nii.gz --targ /scratch/groups/lisik3/mcmahoneg/mri_data_anlys/subjects/s002/mri/aparc+aseg.mgz
regio_read_register: loading lta

Matrix from regfile:
 0.99996   0.00788   0.00317   1.97089;
-0.00194  -0.15237   0.98832  -17.67094;
 0.00827  -0.98829  -0.15235  -1.06723;
 0.00000   0.00000   0.00000   1.00000;

movvol 005/template.nii.gz
targvol /scratch/groups/lisik3/mcmahoneg/mri_data_anlys/subjects/s002/mri/aparc+aseg.mgz
outvol 005/masks/brain.nii.gz
regfile /scratch/groups/lisik3/mcmahoneg/mri_data_anlys/studies/cont_actions/unpackdata/s002/bold/005/register.dof6.lta
invert 1
tal    0
talres 2
regheader 0
noresample 0
interp  nearest (0)
precision  float (3)
Gdiag_no  -1
Synth      0
SynthSeed  1584140371

Invert!
Inverting registration

Final tkRAS-to-tkRAS Matrix is:
 0.99996  -0.00194   0.00827  -1.99621;
 0.00788  -0.15237  -0.98829  -3.76275;
 0.00317   0.98832  -0.15235   17.29574;
 0.00000   0.00000   0.00000   1.00000;


Vox2Vox Matrix is:
 2.74990   0.02275   0.00678   18.97518;
 0.00873  -0.41895  -3.45895   185.91547;
-0.02167   2.71781  -0.53326   25.45722;
 0.00000   0.00000   0.00000   1.00000;

Resampling
Output registration matrix is identity

mri_vol2vol done
mri_binarize --i 005/masks/brain.nii.gz --o 005/masks/brain.nii.gz --min 0.5

$Id: mri_binarize.c,v 1.43 2016/06/09 20:46:21 greve Exp $
cwd /scratch/groups/lisik3/mcmahoneg/mri_data_anlys/studies/cont_actions/unpackdata/s002/bold
cmdline mri_binarize.bin --i 005/masks/brain.nii.gz --o 005/masks/brain.nii.gz --min 0.5 
sysname  Linux
hostname compute0200
machine  x86_64
user     emcmaho7@jhu.edu

input      005/masks/brain.nii.gz
frame      0
nErode3d   0
nErode2d   0
output     005/masks/brain.nii.gz
Binarizing based on threshold
min        0.5
max        +infinity
binval        1
binvalnot     0
fstart = 0, fend = 0, nframes = 1
Found 42846 values in range
Counting number of voxels in first frame
Found 42846 voxels in final mask
Count: 42846 1134021.712807 217600 19.690257
mri_binarize done
Diliating 1
mri_binarize --i 005/masks/brain.nii.gz --min 0.5 --dilate 1 --o 005/masks/brain.nii.gz

$Id: mri_binarize.c,v 1.43 2016/06/09 20:46:21 greve Exp $
cwd /scratch/groups/lisik3/mcmahoneg/mri_data_anlys/studies/cont_actions/unpackdata/s002/bold
cmdline mri_binarize.bin --i 005/masks/brain.nii.gz --min 0.5 --dilate 1 --o 005/masks/brain.nii.gz 
sysname  Linux
hostname compute0200
machine  x86_64
user     emcmaho7@jhu.edu

input      005/masks/brain.nii.gz
frame      0
nErode3d   0
nErode2d   0
output     005/masks/brain.nii.gz
Binarizing based on threshold
min        0.5
max        +infinity
binval        1
binvalnot     0
fstart = 0, fend = 0, nframes = 1
Found 42846 values in range
Dilating 1 voxels in 3d
Counting number of voxels in first frame
Found 58622 voxels in final mask
Count: 58622 1551571.228310 217600 26.940257
mri_binarize done
 
Started at Tue Mar 3 08:37:12 EST 2020 
Ended   at Tue Mar  3 08:37:14 EST 2020
Mkbrainmask-Run-Time-Sec 2
 
mkbrainmask Done
mri_binarize --i 005/masks/brain.nii.gz --min 0.5 --zero-edges --erode 3 --o 005/masks/brain.e3.nii.gz

$Id: mri_binarize.c,v 1.43 2016/06/09 20:46:21 greve Exp $
cwd /scratch/groups/lisik3/mcmahoneg/mri_data_anlys/studies/cont_actions/unpackdata/s002/bold
cmdline mri_binarize.bin --i 005/masks/brain.nii.gz --min 0.5 --zero-edges --erode 3 --o 005/masks/brain.e3.nii.gz 
sysname  Linux
hostname compute0200
machine  x86_64
user     emcmaho7@jhu.edu

input      005/masks/brain.nii.gz
frame      0
nErode3d   3
nErode2d   0
output     005/masks/brain.e3.nii.gz
Binarizing based on threshold
min        0.5
max        +infinity
binval        1
binvalnot     0
fstart = 0, fend = 0, nframes = 1
Found 57595 values in range
Eroding 3 voxels in 3d
Counting number of voxels in first frame
Found 27631 voxels in final mask
Count: 27631 731320.402058 217600 12.698070
mri_binarize done
mkbrainmask -i 006/template.nii.gz -o 006/masks/brain.nii.gz -reg /scratch/groups/lisik3/mcmahoneg/mri_data_anlys/studies/cont_actions/unpackdata/s002/bold/006/register.dof6.lta -ndil 1 -nerode 0
Tue Mar  3 08:37:14 EST 2020

setenv SUBJECTS_DIR /scratch/groups/lisik3/mcmahoneg/mri_data_anlys/subjects
cd /scratch/groups/lisik3/mcmahoneg/mri_data_anlys/studies/cont_actions/unpackdata/s002/bold
/software/apps/freesurfer/6.0.0/fsfast/bin/mkbrainmask -i 006/template.nii.gz -o 006/masks/brain.nii.gz -reg /scratch/groups/lisik3/mcmahoneg/mri_data_anlys/studies/cont_actions/unpackdata/s002/bold/006/register.dof6.lta -ndil 1 -nerode 0

freesurfer-Linux-centos6_x86_64-stable-pub-v6.0.0-2beb96c
$Id: mkbrainmask,v 1.17 2015/12/10 22:51:30 zkaufman Exp $
Linux compute0200 3.10.0-862.9.1.el7.x86_64 #1 SMP Mon Jul 16 16:29:36 UTC 2018 x86_64 x86_64 x86_64 GNU/Linux
mri_vol2vol --mov 006/template.nii.gz --reg /scratch/groups/lisik3/mcmahoneg/mri_data_anlys/studies/cont_actions/unpackdata/s002/bold/006/register.dof6.lta --inv --interp nearest --o 006/masks/brain.nii.gz --targ /scratch/groups/lisik3/mcmahoneg/mri_data_anlys/subjects/s002/mri/aparc+aseg.mgz
regio_read_register: loading lta

Matrix from regfile:
 0.99998   0.00521  -0.00202   1.95019;
 0.00281  -0.15605   0.98775  -17.62334;
 0.00483  -0.98774  -0.15606  -1.10658;
 0.00000   0.00000   0.00000   1.00000;

movvol 006/template.nii.gz
targvol /scratch/groups/lisik3/mcmahoneg/mri_data_anlys/subjects/s002/mri/aparc+aseg.mgz
outvol 006/masks/brain.nii.gz
regfile /scratch/groups/lisik3/mcmahoneg/mri_data_anlys/studies/cont_actions/unpackdata/s002/bold/006/register.dof6.lta
invert 1
tal    0
talres 2
regheader 0
noresample 0
interp  nearest (0)
precision  float (3)
Gdiag_no  -1
Synth      0
SynthSeed  1583628654

Invert!
Inverting registration

Final tkRAS-to-tkRAS Matrix is:
 0.99998   0.00281   0.00483  -1.89533;
 0.00521  -0.15605  -0.98774  -3.85320;
-0.00202   0.98775  -0.15606   17.23863;
 0.00000   0.00000   0.00000   1.00000;


Vox2Vox Matrix is:
 2.74996   0.01327  -0.00983   19.53324;
-0.00556  -0.42916  -3.45693   186.91788;
-0.01431   2.71627  -0.54613   25.35261;
 0.00000   0.00000   0.00000   1.00000;

Resampling
Output registration matrix is identity

mri_vol2vol done
mri_binarize --i 006/masks/brain.nii.gz --o 006/masks/brain.nii.gz --min 0.5

$Id: mri_binarize.c,v 1.43 2016/06/09 20:46:21 greve Exp $
cwd /scratch/groups/lisik3/mcmahoneg/mri_data_anlys/studies/cont_actions/unpackdata/s002/bold
cmdline mri_binarize.bin --i 006/masks/brain.nii.gz --o 006/masks/brain.nii.gz --min 0.5 
sysname  Linux
hostname compute0200
machine  x86_64
user     emcmaho7@jhu.edu

input      006/masks/brain.nii.gz
frame      0
nErode3d   0
nErode2d   0
output     006/masks/brain.nii.gz
Binarizing based on threshold
min        0.5
max        +infinity
binval        1
binvalnot     0
fstart = 0, fend = 0, nframes = 1
Found 42882 values in range
Counting number of voxels in first frame
Found 42882 voxels in final mask
Count: 42882 1134974.538780 217600 19.706801
mri_binarize done
Diliating 1
mri_binarize --i 006/masks/brain.nii.gz --min 0.5 --dilate 1 --o 006/masks/brain.nii.gz

$Id: mri_binarize.c,v 1.43 2016/06/09 20:46:21 greve Exp $
cwd /scratch/groups/lisik3/mcmahoneg/mri_data_anlys/studies/cont_actions/unpackdata/s002/bold
cmdline mri_binarize.bin --i 006/masks/brain.nii.gz --min 0.5 --dilate 1 --o 006/masks/brain.nii.gz 
sysname  Linux
hostname compute0200
machine  x86_64
user     emcmaho7@jhu.edu

input      006/masks/brain.nii.gz
frame      0
nErode3d   0
nErode2d   0
output     006/masks/brain.nii.gz
Binarizing based on threshold
min        0.5
max        +infinity
binval        1
binvalnot     0
fstart = 0, fend = 0, nframes = 1
Found 42882 values in range
Dilating 1 voxels in 3d
Counting number of voxels in first frame
Found 58689 voxels in final mask
Count: 58689 1553344.543316 217600 26.971048
mri_binarize done
 
Started at Tue Mar 3 08:37:14 EST 2020 
Ended   at Tue Mar  3 08:37:15 EST 2020
Mkbrainmask-Run-Time-Sec 1
 
mkbrainmask Done
mri_binarize --i 006/masks/brain.nii.gz --min 0.5 --zero-edges --erode 3 --o 006/masks/brain.e3.nii.gz

$Id: mri_binarize.c,v 1.43 2016/06/09 20:46:21 greve Exp $
cwd /scratch/groups/lisik3/mcmahoneg/mri_data_anlys/studies/cont_actions/unpackdata/s002/bold
cmdline mri_binarize.bin --i 006/masks/brain.nii.gz --min 0.5 --zero-edges --erode 3 --o 006/masks/brain.e3.nii.gz 
sysname  Linux
hostname compute0200
machine  x86_64
user     emcmaho7@jhu.edu

input      006/masks/brain.nii.gz
frame      0
nErode3d   3
nErode2d   0
output     006/masks/brain.e3.nii.gz
Binarizing based on threshold
min        0.5
max        +infinity
binval        1
binvalnot     0
fstart = 0, fend = 0, nframes = 1
Found 57655 values in range
Eroding 3 voxels in 3d
Counting number of voxels in first frame
Found 27649 voxels in final mask
Count: 27649 731796.815044 217600 12.706342
mri_binarize done
mkbrainmask -i 007/template.nii.gz -o 007/masks/brain.nii.gz -reg /scratch/groups/lisik3/mcmahoneg/mri_data_anlys/studies/cont_actions/unpackdata/s002/bold/007/register.dof6.lta -ndil 1 -nerode 0
Tue Mar  3 08:37:15 EST 2020

setenv SUBJECTS_DIR /scratch/groups/lisik3/mcmahoneg/mri_data_anlys/subjects
cd /scratch/groups/lisik3/mcmahoneg/mri_data_anlys/studies/cont_actions/unpackdata/s002/bold
/software/apps/freesurfer/6.0.0/fsfast/bin/mkbrainmask -i 007/template.nii.gz -o 007/masks/brain.nii.gz -reg /scratch/groups/lisik3/mcmahoneg/mri_data_anlys/studies/cont_actions/unpackdata/s002/bold/007/register.dof6.lta -ndil 1 -nerode 0

freesurfer-Linux-centos6_x86_64-stable-pub-v6.0.0-2beb96c
$Id: mkbrainmask,v 1.17 2015/12/10 22:51:30 zkaufman Exp $
Linux compute0200 3.10.0-862.9.1.el7.x86_64 #1 SMP Mon Jul 16 16:29:36 UTC 2018 x86_64 x86_64 x86_64 GNU/Linux
mri_vol2vol --mov 007/template.nii.gz --reg /scratch/groups/lisik3/mcmahoneg/mri_data_anlys/studies/cont_actions/unpackdata/s002/bold/007/register.dof6.lta --inv --interp nearest --o 007/masks/brain.nii.gz --targ /scratch/groups/lisik3/mcmahoneg/mri_data_anlys/subjects/s002/mri/aparc+aseg.mgz
regio_read_register: loading lta

Matrix from regfile:
 0.99998   0.00584  -0.00221   2.00728;
 0.00310  -0.15748   0.98752  -17.31563;
 0.00542  -0.98751  -0.15749  -1.00051;
 0.00000   0.00000   0.00000   1.00000;

movvol 007/template.nii.gz
targvol /scratch/groups/lisik3/mcmahoneg/mri_data_anlys/subjects/s002/mri/aparc+aseg.mgz
outvol 007/masks/brain.nii.gz
regfile /scratch/groups/lisik3/mcmahoneg/mri_data_anlys/studies/cont_actions/unpackdata/s002/bold/007/register.dof6.lta
invert 1
tal    0
talres 2
regheader 0
noresample 0
interp  nearest (0)
precision  float (3)
Gdiag_no  -1
Synth      0
SynthSeed  1584130371

Invert!
Inverting registration

Final tkRAS-to-tkRAS Matrix is:
 0.99998   0.00310   0.00542  -1.94810;
 0.00584  -0.15748  -0.98751  -3.72654;
-0.00221   0.98752  -0.15749   16.94635;
 0.00000   0.00000   0.00000   1.00000;


Vox2Vox Matrix is:
 2.74995   0.01491  -0.01086   19.53848;
-0.00608  -0.43310  -3.45613   187.37506;
-0.01607   2.71564  -0.55114   25.65990;
 0.00000   0.00000   0.00000   1.00000;

Resampling
Output registration matrix is identity

mri_vol2vol done
mri_binarize --i 007/masks/brain.nii.gz --o 007/masks/brain.nii.gz --min 0.5

$Id: mri_binarize.c,v 1.43 2016/06/09 20:46:21 greve Exp $
cwd /scratch/groups/lisik3/mcmahoneg/mri_data_anlys/studies/cont_actions/unpackdata/s002/bold
cmdline mri_binarize.bin --i 007/masks/brain.nii.gz --o 007/masks/brain.nii.gz --min 0.5 
sysname  Linux
hostname compute0200
machine  x86_64
user     emcmaho7@jhu.edu

input      007/masks/brain.nii.gz
frame      0
nErode3d   0
nErode2d   0
output     007/masks/brain.nii.gz
Binarizing based on threshold
min        0.5
max        +infinity
binval        1
binvalnot     0
fstart = 0, fend = 0, nframes = 1
Found 42894 values in range
Counting number of voxels in first frame
Found 42894 voxels in final mask
Count: 42894 1135292.147438 217600 19.712316
mri_binarize done
Diliating 1
mri_binarize --i 007/masks/brain.nii.gz --min 0.5 --dilate 1 --o 007/masks/brain.nii.gz

$Id: mri_binarize.c,v 1.43 2016/06/09 20:46:21 greve Exp $
cwd /scratch/groups/lisik3/mcmahoneg/mri_data_anlys/studies/cont_actions/unpackdata/s002/bold
cmdline mri_binarize.bin --i 007/masks/brain.nii.gz --min 0.5 --dilate 1 --o 007/masks/brain.nii.gz 
sysname  Linux
hostname compute0200
machine  x86_64
user     emcmaho7@jhu.edu

input      007/masks/brain.nii.gz
frame      0
nErode3d   0
nErode2d   0
output     007/masks/brain.nii.gz
Binarizing based on threshold
min        0.5
max        +infinity
binval        1
binvalnot     0
fstart = 0, fend = 0, nframes = 1
Found 42894 values in range
Dilating 1 voxels in 3d
Counting number of voxels in first frame
Found 58700 voxels in final mask
Count: 58700 1553635.684586 217600 26.976103
mri_binarize done
 
Started at Tue Mar 3 08:37:15 EST 2020 
Ended   at Tue Mar  3 08:37:17 EST 2020
Mkbrainmask-Run-Time-Sec 2
 
mkbrainmask Done
mri_binarize --i 007/masks/brain.nii.gz --min 0.5 --zero-edges --erode 3 --o 007/masks/brain.e3.nii.gz

$Id: mri_binarize.c,v 1.43 2016/06/09 20:46:21 greve Exp $
cwd /scratch/groups/lisik3/mcmahoneg/mri_data_anlys/studies/cont_actions/unpackdata/s002/bold
cmdline mri_binarize.bin --i 007/masks/brain.nii.gz --min 0.5 --zero-edges --erode 3 --o 007/masks/brain.e3.nii.gz 
sysname  Linux
hostname compute0200
machine  x86_64
user     emcmaho7@jhu.edu

input      007/masks/brain.nii.gz
frame      0
nErode3d   3
nErode2d   0
output     007/masks/brain.e3.nii.gz
Binarizing based on threshold
min        0.5
max        +infinity
binval        1
binvalnot     0
fstart = 0, fend = 0, nframes = 1
Found 57684 values in range
Eroding 3 voxels in 3d
Counting number of voxels in first frame
Found 27654 voxels in final mask
Count: 27654 731929.151985 217600 12.708640
mri_binarize done
mkbrainmask -i 008/template.nii.gz -o 008/masks/brain.nii.gz -reg /scratch/groups/lisik3/mcmahoneg/mri_data_anlys/studies/cont_actions/unpackdata/s002/bold/008/register.dof6.lta -ndil 1 -nerode 0
Tue Mar  3 08:37:17 EST 2020

setenv SUBJECTS_DIR /scratch/groups/lisik3/mcmahoneg/mri_data_anlys/subjects
cd /scratch/groups/lisik3/mcmahoneg/mri_data_anlys/studies/cont_actions/unpackdata/s002/bold
/software/apps/freesurfer/6.0.0/fsfast/bin/mkbrainmask -i 008/template.nii.gz -o 008/masks/brain.nii.gz -reg /scratch/groups/lisik3/mcmahoneg/mri_data_anlys/studies/cont_actions/unpackdata/s002/bold/008/register.dof6.lta -ndil 1 -nerode 0

freesurfer-Linux-centos6_x86_64-stable-pub-v6.0.0-2beb96c
$Id: mkbrainmask,v 1.17 2015/12/10 22:51:30 zkaufman Exp $
Linux compute0200 3.10.0-862.9.1.el7.x86_64 #1 SMP Mon Jul 16 16:29:36 UTC 2018 x86_64 x86_64 x86_64 GNU/Linux
mri_vol2vol --mov 008/template.nii.gz --reg /scratch/groups/lisik3/mcmahoneg/mri_data_anlys/studies/cont_actions/unpackdata/s002/bold/008/register.dof6.lta --inv --interp nearest --o 008/masks/brain.nii.gz --targ /scratch/groups/lisik3/mcmahoneg/mri_data_anlys/subjects/s002/mri/aparc+aseg.mgz
regio_read_register: loading lta

Matrix from regfile:
 0.99993   0.01119   0.00237   2.11873;
-0.00079  -0.13924   0.99026  -17.32555;
 0.01141  -0.99019  -0.13923  -1.06152;
 0.00000   0.00000   0.00000   1.00000;

movvol 008/template.nii.gz
targvol /scratch/groups/lisik3/mcmahoneg/mri_data_anlys/subjects/s002/mri/aparc+aseg.mgz
outvol 008/masks/brain.nii.gz
regfile /scratch/groups/lisik3/mcmahoneg/mri_data_anlys/studies/cont_actions/unpackdata/s002/bold/008/register.dof6.lta
invert 1
tal    0
talres 2
regheader 0
noresample 0
interp  nearest (0)
precision  float (3)
Gdiag_no  -1
Synth      0
SynthSeed  1583620857

Invert!
Inverting registration

Final tkRAS-to-tkRAS Matrix is:
 0.99993  -0.00079   0.01141  -2.12022;
 0.01119  -0.13924  -0.99020  -3.48730;
 0.00237   0.99026  -0.13923   17.00394;
 0.00000   0.00000   0.00000   1.00000;


Vox2Vox Matrix is:
 2.74982   0.03137   0.00277   18.82548;
 0.00653  -0.38287  -3.46572   184.96721;
-0.03076   2.72304  -0.48733   25.10626;
 0.00000   0.00000   0.00000   1.00000;

Resampling
Output registration matrix is identity

mri_vol2vol done
mri_binarize --i 008/masks/brain.nii.gz --o 008/masks/brain.nii.gz --min 0.5

$Id: mri_binarize.c,v 1.43 2016/06/09 20:46:21 greve Exp $
cwd /scratch/groups/lisik3/mcmahoneg/mri_data_anlys/studies/cont_actions/unpackdata/s002/bold
cmdline mri_binarize.bin --i 008/masks/brain.nii.gz --o 008/masks/brain.nii.gz --min 0.5 
sysname  Linux
hostname compute0200
machine  x86_64
user     emcmaho7@jhu.edu

input      008/masks/brain.nii.gz
frame      0
nErode3d   0
nErode2d   0
output     008/masks/brain.nii.gz
Binarizing based on threshold
min        0.5
max        +infinity
binval        1
binvalnot     0
fstart = 0, fend = 0, nframes = 1
Found 42862 values in range
Counting number of voxels in first frame
Found 42862 voxels in final mask
Count: 42862 1134445.191017 217600 19.697610
mri_binarize done
Diliating 1
mri_binarize --i 008/masks/brain.nii.gz --min 0.5 --dilate 1 --o 008/masks/brain.nii.gz

$Id: mri_binarize.c,v 1.43 2016/06/09 20:46:21 greve Exp $
cwd /scratch/groups/lisik3/mcmahoneg/mri_data_anlys/studies/cont_actions/unpackdata/s002/bold
cmdline mri_binarize.bin --i 008/masks/brain.nii.gz --min 0.5 --dilate 1 --o 008/masks/brain.nii.gz 
sysname  Linux
hostname compute0200
machine  x86_64
user     emcmaho7@jhu.edu

input      008/masks/brain.nii.gz
frame      0
nErode3d   0
nErode2d   0
output     008/masks/brain.nii.gz
Binarizing based on threshold
min        0.5
max        +infinity
binval        1
binvalnot     0
fstart = 0, fend = 0, nframes = 1
Found 42862 values in range
Dilating 1 voxels in 3d
Counting number of voxels in first frame
Found 58578 voxels in final mask
Count: 58578 1550406.663231 217600 26.920037
mri_binarize done
 
Started at Tue Mar 3 08:37:17 EST 2020 
Ended   at Tue Mar  3 08:37:18 EST 2020
Mkbrainmask-Run-Time-Sec 1
 
mkbrainmask Done
mri_binarize --i 008/masks/brain.nii.gz --min 0.5 --zero-edges --erode 3 --o 008/masks/brain.e3.nii.gz

$Id: mri_binarize.c,v 1.43 2016/06/09 20:46:21 greve Exp $
cwd /scratch/groups/lisik3/mcmahoneg/mri_data_anlys/studies/cont_actions/unpackdata/s002/bold
cmdline mri_binarize.bin --i 008/masks/brain.nii.gz --min 0.5 --zero-edges --erode 3 --o 008/masks/brain.e3.nii.gz 
sysname  Linux
hostname compute0200
machine  x86_64
user     emcmaho7@jhu.edu

input      008/masks/brain.nii.gz
frame      0
nErode3d   3
nErode2d   0
output     008/masks/brain.e3.nii.gz
Binarizing based on threshold
min        0.5
max        +infinity
binval        1
binvalnot     0
fstart = 0, fend = 0, nframes = 1
Found 57569 values in range
Eroding 3 voxels in 3d
Counting number of voxels in first frame
Found 27613 voxels in final mask
Count: 27613 730843.989071 217600 12.689798
mri_binarize done
mkbrainmask -i 009/template.nii.gz -o 009/masks/brain.nii.gz -reg /scratch/groups/lisik3/mcmahoneg/mri_data_anlys/studies/cont_actions/unpackdata/s002/bold/009/register.dof6.lta -ndil 1 -nerode 0
Tue Mar  3 08:37:18 EST 2020

setenv SUBJECTS_DIR /scratch/groups/lisik3/mcmahoneg/mri_data_anlys/subjects
cd /scratch/groups/lisik3/mcmahoneg/mri_data_anlys/studies/cont_actions/unpackdata/s002/bold
/software/apps/freesurfer/6.0.0/fsfast/bin/mkbrainmask -i 009/template.nii.gz -o 009/masks/brain.nii.gz -reg /scratch/groups/lisik3/mcmahoneg/mri_data_anlys/studies/cont_actions/unpackdata/s002/bold/009/register.dof6.lta -ndil 1 -nerode 0

freesurfer-Linux-centos6_x86_64-stable-pub-v6.0.0-2beb96c
$Id: mkbrainmask,v 1.17 2015/12/10 22:51:30 zkaufman Exp $
Linux compute0200 3.10.0-862.9.1.el7.x86_64 #1 SMP Mon Jul 16 16:29:36 UTC 2018 x86_64 x86_64 x86_64 GNU/Linux
mri_vol2vol --mov 009/template.nii.gz --reg /scratch/groups/lisik3/mcmahoneg/mri_data_anlys/studies/cont_actions/unpackdata/s002/bold/009/register.dof6.lta --inv --interp nearest --o 009/masks/brain.nii.gz --targ /scratch/groups/lisik3/mcmahoneg/mri_data_anlys/subjects/s002/mri/aparc+aseg.mgz
regio_read_register: loading lta

Matrix from regfile:
 0.99996   0.00853  -0.00261   2.07565;
 0.00377  -0.13851   0.99035  -16.37749;
 0.00808  -0.99032  -0.13854  -1.14067;
 0.00000   0.00000   0.00000   1.00000;

movvol 009/template.nii.gz
targvol /scratch/groups/lisik3/mcmahoneg/mri_data_anlys/subjects/s002/mri/aparc+aseg.mgz
outvol 009/masks/brain.nii.gz
regfile /scratch/groups/lisik3/mcmahoneg/mri_data_anlys/studies/cont_actions/unpackdata/s002/bold/009/register.dof6.lta
invert 1
tal    0
talres 2
regheader 0
noresample 0
interp  nearest (0)
precision  float (3)
Gdiag_no  -1
Synth      0
SynthSeed  1584111337

Invert!
Inverting registration

Final tkRAS-to-tkRAS Matrix is:
 0.99996   0.00377   0.00808  -2.00467;
 0.00853  -0.13851  -0.99032  -3.41581;
-0.00261   0.99035  -0.13854   16.06690;
 0.00000   0.00000   0.00000   1.00000;


Vox2Vox Matrix is:
 2.74989   0.02222  -0.01318   19.34413;
-0.00718  -0.38098  -3.46606   186.38255;
-0.02344   2.72339  -0.48477   24.82734;
 0.00000   0.00000   0.00000   1.00000;

Resampling
Output registration matrix is identity

mri_vol2vol done
mri_binarize --i 009/masks/brain.nii.gz --o 009/masks/brain.nii.gz --min 0.5

$Id: mri_binarize.c,v 1.43 2016/06/09 20:46:21 greve Exp $
cwd /scratch/groups/lisik3/mcmahoneg/mri_data_anlys/studies/cont_actions/unpackdata/s002/bold
cmdline mri_binarize.bin --i 009/masks/brain.nii.gz --o 009/masks/brain.nii.gz --min 0.5 
sysname  Linux
hostname compute0200
machine  x86_64
user     emcmaho7@jhu.edu

input      009/masks/brain.nii.gz
frame      0
nErode3d   0
nErode2d   0
output     009/masks/brain.nii.gz
Binarizing based on threshold
min        0.5
max        +infinity
binval        1
binvalnot     0
fstart = 0, fend = 0, nframes = 1
Found 42923 values in range
Counting number of voxels in first frame
Found 42923 voxels in final mask
Count: 42923 1136059.701694 217600 19.725643
mri_binarize done
Diliating 1
mri_binarize --i 009/masks/brain.nii.gz --min 0.5 --dilate 1 --o 009/masks/brain.nii.gz

$Id: mri_binarize.c,v 1.43 2016/06/09 20:46:21 greve Exp $
cwd /scratch/groups/lisik3/mcmahoneg/mri_data_anlys/studies/cont_actions/unpackdata/s002/bold
cmdline mri_binarize.bin --i 009/masks/brain.nii.gz --min 0.5 --dilate 1 --o 009/masks/brain.nii.gz 
sysname  Linux
hostname compute0200
machine  x86_64
user     emcmaho7@jhu.edu

input      009/masks/brain.nii.gz
frame      0
nErode3d   0
nErode2d   0
output     009/masks/brain.nii.gz
Binarizing based on threshold
min        0.5
max        +infinity
binval        1
binvalnot     0
fstart = 0, fend = 0, nframes = 1
Found 42923 values in range
Dilating 1 voxels in 3d
Counting number of voxels in first frame
Found 58799 voxels in final mask
Count: 58799 1556255.956013 217600 27.021599
mri_binarize done
 
Started at Tue Mar 3 08:37:18 EST 2020 
Ended   at Tue Mar  3 08:37:20 EST 2020
Mkbrainmask-Run-Time-Sec 2
 
mkbrainmask Done
mri_binarize --i 009/masks/brain.nii.gz --min 0.5 --zero-edges --erode 3 --o 009/masks/brain.e3.nii.gz

$Id: mri_binarize.c,v 1.43 2016/06/09 20:46:21 greve Exp $
cwd /scratch/groups/lisik3/mcmahoneg/mri_data_anlys/studies/cont_actions/unpackdata/s002/bold
cmdline mri_binarize.bin --i 009/masks/brain.nii.gz --min 0.5 --zero-edges --erode 3 --o 009/masks/brain.e3.nii.gz 
sysname  Linux
hostname compute0200
machine  x86_64
user     emcmaho7@jhu.edu

input      009/masks/brain.nii.gz
frame      0
nErode3d   3
nErode2d   0
output     009/masks/brain.e3.nii.gz
Binarizing based on threshold
min        0.5
max        +infinity
binval        1
binvalnot     0
fstart = 0, fend = 0, nframes = 1
Found 57813 values in range
Eroding 3 voxels in 3d
