mkbrainmask-sess
s001
$Id: mkbrainmask-sess,v 1.26 2015/12/10 22:51:30 zkaufman Exp $
Linux compute0199 3.10.0-862.9.1.el7.x86_64 #1 SMP Mon Jul 16 16:29:36 UTC 2018 x86_64 x86_64 x86_64 GNU/Linux
Fri Feb 21 10:49:55 EST 2020
/scratch/groups/lisik3/mcmahoneg/mri_data_anlys/studies/cont_actions/analysis
/software/apps/freesurfer/6.0.0/fsfast/bin/mkbrainmask-sess -maskstem brain -fsd bold -s s001 -d /scratch/groups/lisik3/mcmahoneg/mri_data_anlys/studies/cont_actions/unpackdata -per-run
ProjectDir /scratch/groups/lisik3/mcmahoneg/mri_data_anlys/studies/cont_actions/analysis
------------------------------------------------
/scratch/groups/lisik3/mcmahoneg/mri_data_anlys/studies/cont_actions/unpackdata/s001 
Fri Feb 21 10:49:55 EST 2020
mkbrainmask -i template.nii.gz -o masks/brain.nii.gz -reg /scratch/groups/lisik3/mcmahoneg/mri_data_anlys/studies/cont_actions/unpackdata/s001/bold/register.dof6.lta -ndil 1 -nerode 0
Fri Feb 21 10:49:55 EST 2020

setenv SUBJECTS_DIR /scratch/groups/lisik3/mcmahoneg/mri_data_anlys/subjects
cd /scratch/groups/lisik3/mcmahoneg/mri_data_anlys/studies/cont_actions/unpackdata/s001/bold
/software/apps/freesurfer/6.0.0/fsfast/bin/mkbrainmask -i template.nii.gz -o masks/brain.nii.gz -reg /scratch/groups/lisik3/mcmahoneg/mri_data_anlys/studies/cont_actions/unpackdata/s001/bold/register.dof6.lta -ndil 1 -nerode 0

freesurfer-Linux-centos6_x86_64-stable-pub-v6.0.0-2beb96c
$Id: mkbrainmask,v 1.17 2015/12/10 22:51:30 zkaufman Exp $
Linux compute0199 3.10.0-862.9.1.el7.x86_64 #1 SMP Mon Jul 16 16:29:36 UTC 2018 x86_64 x86_64 x86_64 GNU/Linux
mri_vol2vol --mov template.nii.gz --reg /scratch/groups/lisik3/mcmahoneg/mri_data_anlys/studies/cont_actions/unpackdata/s001/bold/register.dof6.lta --inv --interp nearest --o masks/brain.nii.gz --targ /scratch/groups/lisik3/mcmahoneg/mri_data_anlys/subjects/s001/mri/aparc+aseg.mgz
regio_read_register: loading lta

Matrix from regfile:
 0.99868  -0.05143  -0.00071   2.03914;
 0.00562   0.09542   0.99542  -19.60750;
-0.05112  -0.99411   0.09558  -2.90005;
 0.00000   0.00000   0.00000   1.00000;

movvol template.nii.gz
targvol /scratch/groups/lisik3/mcmahoneg/mri_data_anlys/subjects/s001/mri/aparc+aseg.mgz
outvol masks/brain.nii.gz
regfile /scratch/groups/lisik3/mcmahoneg/mri_data_anlys/studies/cont_actions/unpackdata/s001/bold/register.dof6.lta
invert 1
tal    0
talres 2
regheader 0
noresample 0
interp  nearest (0)
precision  float (3)
Gdiag_no  -1
Synth      0
SynthSeed  1582886994

Invert!
Inverting registration

Final tkRAS-to-tkRAS Matrix is:
 0.99868   0.00562  -0.05112  -2.07453;
-0.05143   0.09542  -0.99411  -0.90717;
-0.00071   0.99542   0.09558   19.79635;
 0.00000   0.00000   0.00000   1.00000;


Vox2Vox Matrix is:
 2.74636  -0.14059  -0.01967   26.17796;
-0.00195   0.26285  -3.48383   156.99257;
 0.14142   2.73380   0.33395   6.40683;
 0.00000   0.00000   0.00000   1.00000;

Resampling
Output registration matrix is identity

mri_vol2vol done
mri_binarize --i masks/brain.nii.gz --o masks/brain.nii.gz --min 0.5

$Id: mri_binarize.c,v 1.43 2016/06/09 20:46:21 greve Exp $
cwd /scratch/groups/lisik3/mcmahoneg/mri_data_anlys/studies/cont_actions/unpackdata/s001/bold
cmdline mri_binarize.bin --i masks/brain.nii.gz --o masks/brain.nii.gz --min 0.5 
sysname  Linux
hostname compute0199
machine  x86_64
user     emcmaho7@jhu.edu

input      masks/brain.nii.gz
frame      0
nErode3d   0
nErode2d   0
output     masks/brain.nii.gz
Binarizing based on threshold
min        0.5
max        +infinity
binval        1
binvalnot     0
fstart = 0, fend = 0, nframes = 1
Found 41153 values in range
Counting number of voxels in first frame
Found 41153 voxels in final mask
Count: 41153 1089223.178221 217600 18.912224
mri_binarize done
Diliating 1
mri_binarize --i masks/brain.nii.gz --min 0.5 --dilate 1 --o masks/brain.nii.gz

$Id: mri_binarize.c,v 1.43 2016/06/09 20:46:21 greve Exp $
cwd /scratch/groups/lisik3/mcmahoneg/mri_data_anlys/studies/cont_actions/unpackdata/s001/bold
cmdline mri_binarize.bin --i masks/brain.nii.gz --min 0.5 --dilate 1 --o masks/brain.nii.gz 
sysname  Linux
hostname compute0199
machine  x86_64
user     emcmaho7@jhu.edu

input      masks/brain.nii.gz
frame      0
nErode3d   0
nErode2d   0
output     masks/brain.nii.gz
Binarizing based on threshold
min        0.5
max        +infinity
binval        1
binvalnot     0
fstart = 0, fend = 0, nframes = 1
Found 41153 values in range
Dilating 1 voxels in 3d
Counting number of voxels in first frame
Found 59280 voxels in final mask
Count: 59280 1569002.259979 217600 27.242647
mri_binarize done
 
Started at Fri Feb 21 10:49:55 EST 2020 
Ended   at Fri Feb 21 10:49:59 EST 2020
Mkbrainmask-Run-Time-Sec 4
 
mkbrainmask Done
mri_binarize --i masks/brain.nii.gz --min 0.5 --zero-edges --erode 3 --o masks/brain.e3.nii.gz

$Id: mri_binarize.c,v 1.43 2016/06/09 20:46:21 greve Exp $
cwd /scratch/groups/lisik3/mcmahoneg/mri_data_anlys/studies/cont_actions/unpackdata/s001/bold
cmdline mri_binarize.bin --i masks/brain.nii.gz --min 0.5 --zero-edges --erode 3 --o masks/brain.e3.nii.gz 
sysname  Linux
hostname compute0199
machine  x86_64
user     emcmaho7@jhu.edu

input      masks/brain.nii.gz
frame      0
nErode3d   3
nErode2d   0
output     masks/brain.e3.nii.gz
Binarizing based on threshold
min        0.5
max        +infinity
binval        1
binvalnot     0
fstart = 0, fend = 0, nframes = 1
Found 58064 values in range
Eroding 3 voxels in 3d
Counting number of voxels in first frame
Found 27213 voxels in final mask
Count: 27213 720264.144751 217600 12.505974
mri_binarize done
mkbrainmask -i 003/template.nii.gz -o 003/masks/brain.nii.gz -reg /scratch/groups/lisik3/mcmahoneg/mri_data_anlys/studies/cont_actions/unpackdata/s001/bold/003/register.dof6.lta -ndil 1 -nerode 0
Fri Feb 21 10:50:00 EST 2020

setenv SUBJECTS_DIR /scratch/groups/lisik3/mcmahoneg/mri_data_anlys/subjects
cd /scratch/groups/lisik3/mcmahoneg/mri_data_anlys/studies/cont_actions/unpackdata/s001/bold
/software/apps/freesurfer/6.0.0/fsfast/bin/mkbrainmask -i 003/template.nii.gz -o 003/masks/brain.nii.gz -reg /scratch/groups/lisik3/mcmahoneg/mri_data_anlys/studies/cont_actions/unpackdata/s001/bold/003/register.dof6.lta -ndil 1 -nerode 0

freesurfer-Linux-centos6_x86_64-stable-pub-v6.0.0-2beb96c
$Id: mkbrainmask,v 1.17 2015/12/10 22:51:30 zkaufman Exp $
Linux compute0199 3.10.0-862.9.1.el7.x86_64 #1 SMP Mon Jul 16 16:29:36 UTC 2018 x86_64 x86_64 x86_64 GNU/Linux
mri_vol2vol --mov 003/template.nii.gz --reg /scratch/groups/lisik3/mcmahoneg/mri_data_anlys/studies/cont_actions/unpackdata/s001/bold/003/register.dof6.lta --inv --interp nearest --o 003/masks/brain.nii.gz --targ /scratch/groups/lisik3/mcmahoneg/mri_data_anlys/subjects/s001/mri/aparc+aseg.mgz
regio_read_register: loading lta

Matrix from regfile:
 0.99868  -0.05131   0.00098   2.03664;
 0.00398   0.09661   0.99531  -19.60888;
-0.05117  -0.99400   0.09669  -2.92720;
 0.00000   0.00000   0.00000   1.00000;

movvol 003/template.nii.gz
targvol /scratch/groups/lisik3/mcmahoneg/mri_data_anlys/subjects/s001/mri/aparc+aseg.mgz
outvol 003/masks/brain.nii.gz
regfile /scratch/groups/lisik3/mcmahoneg/mri_data_anlys/studies/cont_actions/unpackdata/s001/bold/003/register.dof6.lta
invert 1
tal    0
talres 2
regheader 0
noresample 0
interp  nearest (0)
precision  float (3)
Gdiag_no  -1
Synth      0
SynthSeed  1582468602

Invert!
Inverting registration

Final tkRAS-to-tkRAS Matrix is:
 0.99868   0.00398  -0.05117  -2.10562;
-0.05131   0.09661  -0.99400  -0.91066;
 0.00098   0.99531   0.09669   19.79802;
 0.00000   0.00000   0.00000   1.00000;


Vox2Vox Matrix is:
 2.74638  -0.14071  -0.01394   26.11608;
 0.00271   0.26590  -3.48345   156.67661;
 0.14111   2.73350   0.33813   6.35681;
 0.00000   0.00000   0.00000   1.00000;

Resampling
Output registration matrix is identity

mri_vol2vol done
mri_binarize --i 003/masks/brain.nii.gz --o 003/masks/brain.nii.gz --min 0.5

$Id: mri_binarize.c,v 1.43 2016/06/09 20:46:21 greve Exp $
cwd /scratch/groups/lisik3/mcmahoneg/mri_data_anlys/studies/cont_actions/unpackdata/s001/bold
cmdline mri_binarize.bin --i 003/masks/brain.nii.gz --o 003/masks/brain.nii.gz --min 0.5 
sysname  Linux
hostname compute0199
machine  x86_64
user     emcmaho7@jhu.edu

input      003/masks/brain.nii.gz
frame      0
nErode3d   0
nErode2d   0
output     003/masks/brain.nii.gz
Binarizing based on threshold
min        0.5
max        +infinity
binval        1
binvalnot     0
fstart = 0, fend = 0, nframes = 1
Found 41150 values in range
Counting number of voxels in first frame
Found 41150 voxels in final mask
Count: 41150 1089143.775272 217600 18.910846
mri_binarize done
Diliating 1
mri_binarize --i 003/masks/brain.nii.gz --min 0.5 --dilate 1 --o 003/masks/brain.nii.gz

$Id: mri_binarize.c,v 1.43 2016/06/09 20:46:21 greve Exp $
cwd /scratch/groups/lisik3/mcmahoneg/mri_data_anlys/studies/cont_actions/unpackdata/s001/bold
cmdline mri_binarize.bin --i 003/masks/brain.nii.gz --min 0.5 --dilate 1 --o 003/masks/brain.nii.gz 
sysname  Linux
hostname compute0199
machine  x86_64
user     emcmaho7@jhu.edu

input      003/masks/brain.nii.gz
frame      0
nErode3d   0
nErode2d   0
output     003/masks/brain.nii.gz
Binarizing based on threshold
min        0.5
max        +infinity
binval        1
binvalnot     0
fstart = 0, fend = 0, nframes = 1
Found 41150 values in range
Dilating 1 voxels in 3d
Counting number of voxels in first frame
Found 59296 voxels in final mask
Count: 59296 1569425.742371 217600 27.250000
mri_binarize done
 
Started at Fri Feb 21 10:50:00 EST 2020 
Ended   at Fri Feb 21 10:50:01 EST 2020
Mkbrainmask-Run-Time-Sec 1
 
mkbrainmask Done
mri_binarize --i 003/masks/brain.nii.gz --min 0.5 --zero-edges --erode 3 --o 003/masks/brain.e3.nii.gz

$Id: mri_binarize.c,v 1.43 2016/06/09 20:46:21 greve Exp $
cwd /scratch/groups/lisik3/mcmahoneg/mri_data_anlys/studies/cont_actions/unpackdata/s001/bold
cmdline mri_binarize.bin --i 003/masks/brain.nii.gz --min 0.5 --zero-edges --erode 3 --o 003/masks/brain.e3.nii.gz 
sysname  Linux
hostname compute0199
machine  x86_64
user     emcmaho7@jhu.edu

input      003/masks/brain.nii.gz
frame      0
nErode3d   3
nErode2d   0
output     003/masks/brain.e3.nii.gz
Binarizing based on threshold
min        0.5
max        +infinity
binval        1
binvalnot     0
fstart = 0, fend = 0, nframes = 1
Found 58083 values in range
Eroding 3 voxels in 3d
Counting number of voxels in first frame
Found 27224 voxels in final mask
Count: 27224 720555.288895 217600 12.511029
mri_binarize done
mkbrainmask -i 004/template.nii.gz -o 004/masks/brain.nii.gz -reg /scratch/groups/lisik3/mcmahoneg/mri_data_anlys/studies/cont_actions/unpackdata/s001/bold/004/register.dof6.lta -ndil 1 -nerode 0
Fri Feb 21 10:50:01 EST 2020

setenv SUBJECTS_DIR /scratch/groups/lisik3/mcmahoneg/mri_data_anlys/subjects
cd /scratch/groups/lisik3/mcmahoneg/mri_data_anlys/studies/cont_actions/unpackdata/s001/bold
/software/apps/freesurfer/6.0.0/fsfast/bin/mkbrainmask -i 004/template.nii.gz -o 004/masks/brain.nii.gz -reg /scratch/groups/lisik3/mcmahoneg/mri_data_anlys/studies/cont_actions/unpackdata/s001/bold/004/register.dof6.lta -ndil 1 -nerode 0

freesurfer-Linux-centos6_x86_64-stable-pub-v6.0.0-2beb96c
$Id: mkbrainmask,v 1.17 2015/12/10 22:51:30 zkaufman Exp $
Linux compute0199 3.10.0-862.9.1.el7.x86_64 #1 SMP Mon Jul 16 16:29:36 UTC 2018 x86_64 x86_64 x86_64 GNU/Linux
mri_vol2vol --mov 004/template.nii.gz --reg /scratch/groups/lisik3/mcmahoneg/mri_data_anlys/studies/cont_actions/unpackdata/s001/bold/004/register.dof6.lta --inv --interp nearest --o 004/masks/brain.nii.gz --targ /scratch/groups/lisik3/mcmahoneg/mri_data_anlys/subjects/s001/mri/aparc+aseg.mgz
regio_read_register: loading lta

Matrix from regfile:
 0.99868  -0.05118   0.00293   2.13007;
 0.00217   0.09932   0.99505  -19.52566;
-0.05122  -0.99374   0.09930  -3.11211;
 0.00000   0.00000   0.00000   1.00000;

movvol 004/template.nii.gz
targvol /scratch/groups/lisik3/mcmahoneg/mri_data_anlys/subjects/s001/mri/aparc+aseg.mgz
outvol 004/masks/brain.nii.gz
regfile /scratch/groups/lisik3/mcmahoneg/mri_data_anlys/studies/cont_actions/unpackdata/s001/bold/004/register.dof6.lta
invert 1
tal    0
talres 2
regheader 0
noresample 0
interp  nearest (0)
precision  float (3)
Gdiag_no  -1
Synth      0
SynthSeed  1583047029

Invert!
Inverting registration

Final tkRAS-to-tkRAS Matrix is:
 0.99869   0.00217  -0.05122  -2.24427;
-0.05118   0.09932  -0.99374  -1.04426;
 0.00293   0.99505   0.09930   19.73187;
 0.00000   0.00000   0.00000   1.00000;


Vox2Vox Matrix is:
 2.74638  -0.14086  -0.00760   26.15240;
 0.00806   0.27308  -3.48254   156.22572;
 0.14075   2.73278   0.34761   6.10493;
 0.00000   0.00000   0.00000   1.00000;

Resampling
Output registration matrix is identity

mri_vol2vol done
mri_binarize --i 004/masks/brain.nii.gz --o 004/masks/brain.nii.gz --min 0.5

$Id: mri_binarize.c,v 1.43 2016/06/09 20:46:21 greve Exp $
cwd /scratch/groups/lisik3/mcmahoneg/mri_data_anlys/studies/cont_actions/unpackdata/s001/bold
cmdline mri_binarize.bin --i 004/masks/brain.nii.gz --o 004/masks/brain.nii.gz --min 0.5 
sysname  Linux
hostname compute0199
machine  x86_64
user     emcmaho7@jhu.edu

input      004/masks/brain.nii.gz
frame      0
nErode3d   0
nErode2d   0
output     004/masks/brain.nii.gz
Binarizing based on threshold
min        0.5
max        +infinity
binval        1
binvalnot     0
fstart = 0, fend = 0, nframes = 1
Found 41135 values in range
Counting number of voxels in first frame
Found 41135 voxels in final mask
Count: 41135 1088746.760530 217600 18.903952
mri_binarize done
Diliating 1
mri_binarize --i 004/masks/brain.nii.gz --min 0.5 --dilate 1 --o 004/masks/brain.nii.gz

$Id: mri_binarize.c,v 1.43 2016/06/09 20:46:21 greve Exp $
cwd /scratch/groups/lisik3/mcmahoneg/mri_data_anlys/studies/cont_actions/unpackdata/s001/bold
cmdline mri_binarize.bin --i 004/masks/brain.nii.gz --min 0.5 --dilate 1 --o 004/masks/brain.nii.gz 
sysname  Linux
hostname compute0199
machine  x86_64
user     emcmaho7@jhu.edu

input      004/masks/brain.nii.gz
frame      0
nErode3d   0
nErode2d   0
output     004/masks/brain.nii.gz
Binarizing based on threshold
min        0.5
max        +infinity
binval        1
binvalnot     0
fstart = 0, fend = 0, nframes = 1
Found 41135 values in range
Dilating 1 voxels in 3d
Counting number of voxels in first frame
Found 59217 voxels in final mask
Count: 59217 1567334.798063 217600 27.213695
mri_binarize done
 
Started at Fri Feb 21 10:50:01 EST 2020 
Ended   at Fri Feb 21 10:50:02 EST 2020
Mkbrainmask-Run-Time-Sec 1
 
mkbrainmask Done
mri_binarize --i 004/masks/brain.nii.gz --min 0.5 --zero-edges --erode 3 --o 004/masks/brain.e3.nii.gz

$Id: mri_binarize.c,v 1.43 2016/06/09 20:46:21 greve Exp $
cwd /scratch/groups/lisik3/mcmahoneg/mri_data_anlys/studies/cont_actions/unpackdata/s001/bold
cmdline mri_binarize.bin --i 004/masks/brain.nii.gz --min 0.5 --zero-edges --erode 3 --o 004/masks/brain.e3.nii.gz 
sysname  Linux
hostname compute0199
machine  x86_64
user     emcmaho7@jhu.edu

input      004/masks/brain.nii.gz
frame      0
nErode3d   3
nErode2d   0
output     004/masks/brain.e3.nii.gz
Binarizing based on threshold
min        0.5
max        +infinity
binval        1
binvalnot     0
fstart = 0, fend = 0, nframes = 1
Found 58001 values in range
Eroding 3 voxels in 3d
Counting number of voxels in first frame
Found 27193 voxels in final mask
Count: 27193 719734.791761 217600 12.496783
mri_binarize done
mkbrainmask -i 005/template.nii.gz -o 005/masks/brain.nii.gz -reg /scratch/groups/lisik3/mcmahoneg/mri_data_anlys/studies/cont_actions/unpackdata/s001/bold/005/register.dof6.lta -ndil 1 -nerode 0
Fri Feb 21 10:50:03 EST 2020

setenv SUBJECTS_DIR /scratch/groups/lisik3/mcmahoneg/mri_data_anlys/subjects
cd /scratch/groups/lisik3/mcmahoneg/mri_data_anlys/studies/cont_actions/unpackdata/s001/bold
/software/apps/freesurfer/6.0.0/fsfast/bin/mkbrainmask -i 005/template.nii.gz -o 005/masks/brain.nii.gz -reg /scratch/groups/lisik3/mcmahoneg/mri_data_anlys/studies/cont_actions/unpackdata/s001/bold/005/register.dof6.lta -ndil 1 -nerode 0

freesurfer-Linux-centos6_x86_64-stable-pub-v6.0.0-2beb96c
$Id: mkbrainmask,v 1.17 2015/12/10 22:51:30 zkaufman Exp $
Linux compute0199 3.10.0-862.9.1.el7.x86_64 #1 SMP Mon Jul 16 16:29:36 UTC 2018 x86_64 x86_64 x86_64 GNU/Linux
mri_vol2vol --mov 005/template.nii.gz --reg /scratch/groups/lisik3/mcmahoneg/mri_data_anlys/studies/cont_actions/unpackdata/s001/bold/005/register.dof6.lta --inv --interp nearest --o 005/masks/brain.nii.gz --targ /scratch/groups/lisik3/mcmahoneg/mri_data_anlys/subjects/s001/mri/aparc+aseg.mgz
regio_read_register: loading lta

Matrix from regfile:
 0.99866  -0.05158   0.00453   2.11540;
 0.00064   0.09984   0.99500  -19.52772;
-0.05177  -0.99367   0.09974  -3.16122;
 0.00000   0.00000   0.00000   1.00000;

movvol 005/template.nii.gz
targvol /scratch/groups/lisik3/mcmahoneg/mri_data_anlys/subjects/s001/mri/aparc+aseg.mgz
outvol 005/masks/brain.nii.gz
regfile /scratch/groups/lisik3/mcmahoneg/mri_data_anlys/studies/cont_actions/unpackdata/s001/bold/005/register.dof6.lta
invert 1
tal    0
talres 2
regheader 0
noresample 0
interp  nearest (0)
precision  float (3)
Gdiag_no  -1
Synth      0
SynthSeed  1582745897

Invert!
Inverting registration

Final tkRAS-to-tkRAS Matrix is:
 0.99866   0.00064  -0.05177  -2.26370;
-0.05158   0.09984  -0.99367  -1.08250;
 0.00453   0.99500   0.09974   19.73586;
 0.00000   0.00000   0.00000   1.00000;


Vox2Vox Matrix is:
 2.74631  -0.14238  -0.00225   26.14463;
 0.01246   0.27427  -3.48237   155.99504;
 0.14185   2.73258   0.34941   6.00035;
 0.00000   0.00000   0.00000   1.00000;

Resampling
Output registration matrix is identity

mri_vol2vol done
mri_binarize --i 005/masks/brain.nii.gz --o 005/masks/brain.nii.gz --min 0.5

$Id: mri_binarize.c,v 1.43 2016/06/09 20:46:21 greve Exp $
cwd /scratch/groups/lisik3/mcmahoneg/mri_data_anlys/studies/cont_actions/unpackdata/s001/bold
cmdline mri_binarize.bin --i 005/masks/brain.nii.gz --o 005/masks/brain.nii.gz --min 0.5 
sysname  Linux
hostname compute0199
machine  x86_64
user     emcmaho7@jhu.edu

input      005/masks/brain.nii.gz
frame      0
nErode3d   0
nErode2d   0
output     005/masks/brain.nii.gz
Binarizing based on threshold
min        0.5
max        +infinity
binval        1
binvalnot     0
fstart = 0, fend = 0, nframes = 1
Found 41180 values in range
Counting number of voxels in first frame
Found 41180 voxels in final mask
Count: 41180 1089937.804756 217600 18.924632
mri_binarize done
Diliating 1
mri_binarize --i 005/masks/brain.nii.gz --min 0.5 --dilate 1 --o 005/masks/brain.nii.gz

$Id: mri_binarize.c,v 1.43 2016/06/09 20:46:21 greve Exp $
cwd /scratch/groups/lisik3/mcmahoneg/mri_data_anlys/studies/cont_actions/unpackdata/s001/bold
cmdline mri_binarize.bin --i 005/masks/brain.nii.gz --min 0.5 --dilate 1 --o 005/masks/brain.nii.gz 
sysname  Linux
hostname compute0199
machine  x86_64
user     emcmaho7@jhu.edu

input      005/masks/brain.nii.gz
frame      0
nErode3d   0
nErode2d   0
output     005/masks/brain.nii.gz
Binarizing based on threshold
min        0.5
max        +infinity
binval        1
binvalnot     0
fstart = 0, fend = 0, nframes = 1
Found 41180 values in range
Dilating 1 voxels in 3d
Counting number of voxels in first frame
Found 59268 voxels in final mask
Count: 59268 1568684.648186 217600 27.237132
mri_binarize done
 
Started at Fri Feb 21 10:50:03 EST 2020 
Ended   at Fri Feb 21 10:50:04 EST 2020
Mkbrainmask-Run-Time-Sec 1
 
mkbrainmask Done
mri_binarize --i 005/masks/brain.nii.gz --min 0.5 --zero-edges --erode 3 --o 005/masks/brain.e3.nii.gz

$Id: mri_binarize.c,v 1.43 2016/06/09 20:46:21 greve Exp $
cwd /scratch/groups/lisik3/mcmahoneg/mri_data_anlys/studies/cont_actions/unpackdata/s001/bold
cmdline mri_binarize.bin --i 005/masks/brain.nii.gz --min 0.5 --zero-edges --erode 3 --o 005/masks/brain.e3.nii.gz 
sysname  Linux
hostname compute0199
machine  x86_64
user     emcmaho7@jhu.edu

input      005/masks/brain.nii.gz
frame      0
nErode3d   3
nErode2d   0
output     005/masks/brain.e3.nii.gz
Binarizing based on threshold
min        0.5
max        +infinity
binval        1
binvalnot     0
fstart = 0, fend = 0, nframes = 1
Found 58053 values in range
Eroding 3 voxels in 3d
Counting number of voxels in first frame
Found 27236 voxels in final mask
Count: 27236 720872.900688 217600 12.516544
mri_binarize done
mkbrainmask -i 006/template.nii.gz -o 006/masks/brain.nii.gz -reg /scratch/groups/lisik3/mcmahoneg/mri_data_anlys/studies/cont_actions/unpackdata/s001/bold/006/register.dof6.lta -ndil 1 -nerode 0
Fri Feb 21 10:50:04 EST 2020

setenv SUBJECTS_DIR /scratch/groups/lisik3/mcmahoneg/mri_data_anlys/subjects
cd /scratch/groups/lisik3/mcmahoneg/mri_data_anlys/studies/cont_actions/unpackdata/s001/bold
/software/apps/freesurfer/6.0.0/fsfast/bin/mkbrainmask -i 006/template.nii.gz -o 006/masks/brain.nii.gz -reg /scratch/groups/lisik3/mcmahoneg/mri_data_anlys/studies/cont_actions/unpackdata/s001/bold/006/register.dof6.lta -ndil 1 -nerode 0

freesurfer-Linux-centos6_x86_64-stable-pub-v6.0.0-2beb96c
$Id: mkbrainmask,v 1.17 2015/12/10 22:51:30 zkaufman Exp $
Linux compute0199 3.10.0-862.9.1.el7.x86_64 #1 SMP Mon Jul 16 16:29:36 UTC 2018 x86_64 x86_64 x86_64 GNU/Linux
mri_vol2vol --mov 006/template.nii.gz --reg /scratch/groups/lisik3/mcmahoneg/mri_data_anlys/studies/cont_actions/unpackdata/s001/bold/006/register.dof6.lta --inv --interp nearest --o 006/masks/brain.nii.gz --targ /scratch/groups/lisik3/mcmahoneg/mri_data_anlys/subjects/s001/mri/aparc+aseg.mgz
regio_read_register: loading lta

Matrix from regfile:
 0.99874  -0.04998   0.00464   2.25771;
 0.00033   0.09897   0.99509  -19.49006;
-0.05019  -0.99383   0.09886  -3.04176;
 0.00000   0.00000   0.00000   1.00000;

movvol 006/template.nii.gz
targvol /scratch/groups/lisik3/mcmahoneg/mri_data_anlys/subjects/s001/mri/aparc+aseg.mgz
outvol 006/masks/brain.nii.gz
regfile /scratch/groups/lisik3/mcmahoneg/mri_data_anlys/studies/cont_actions/unpackdata/s001/bold/006/register.dof6.lta
invert 1
tal    0
talres 2
regheader 0
noresample 0
interp  nearest (0)
precision  float (3)
Gdiag_no  -1
Synth      0
SynthSeed  1583272685

Invert!
Inverting registration

Final tkRAS-to-tkRAS Matrix is:
 0.99874   0.00033  -0.05019  -2.40118;
-0.04998   0.09897  -0.99383  -0.98129;
 0.00464   0.99509   0.09886   19.68460;
 0.00000   0.00000   0.00000   1.00000;


Vox2Vox Matrix is:
 2.74653  -0.13802  -0.00114   26.08006;
 0.01277   0.27186  -3.48267   156.13551;
 0.13743   2.73305   0.34637   6.31119;
 0.00000   0.00000   0.00000   1.00000;

Resampling
Output registration matrix is identity

mri_vol2vol done
mri_binarize --i 006/masks/brain.nii.gz --o 006/masks/brain.nii.gz --min 0.5

$Id: mri_binarize.c,v 1.43 2016/06/09 20:46:21 greve Exp $
cwd /scratch/groups/lisik3/mcmahoneg/mri_data_anlys/studies/cont_actions/unpackdata/s001/bold
cmdline mri_binarize.bin --i 006/masks/brain.nii.gz --o 006/masks/brain.nii.gz --min 0.5 
sysname  Linux
hostname compute0199
machine  x86_64
user     emcmaho7@jhu.edu

input      006/masks/brain.nii.gz
frame      0
nErode3d   0
nErode2d   0
output     006/masks/brain.nii.gz
Binarizing based on threshold
min        0.5
max        +infinity
binval        1
binvalnot     0
fstart = 0, fend = 0, nframes = 1
Found 41183 values in range
Counting number of voxels in first frame
Found 41183 voxels in final mask
Count: 41183 1090017.207705 217600 18.926011
mri_binarize done
Diliating 1
mri_binarize --i 006/masks/brain.nii.gz --min 0.5 --dilate 1 --o 006/masks/brain.nii.gz

$Id: mri_binarize.c,v 1.43 2016/06/09 20:46:21 greve Exp $
cwd /scratch/groups/lisik3/mcmahoneg/mri_data_anlys/studies/cont_actions/unpackdata/s001/bold
cmdline mri_binarize.bin --i 006/masks/brain.nii.gz --min 0.5 --dilate 1 --o 006/masks/brain.nii.gz 
sysname  Linux
hostname compute0199
machine  x86_64
user     emcmaho7@jhu.edu

input      006/masks/brain.nii.gz
frame      0
nErode3d   0
nErode2d   0
output     006/masks/brain.nii.gz
Binarizing based on threshold
min        0.5
max        +infinity
binval        1
binvalnot     0
fstart = 0, fend = 0, nframes = 1
Found 41183 values in range
Dilating 1 voxels in 3d
Counting number of voxels in first frame
Found 59295 voxels in final mask
Count: 59295 1569399.274721 217600 27.249540
mri_binarize done
 
Started at Fri Feb 21 10:50:04 EST 2020 
Ended   at Fri Feb 21 10:50:06 EST 2020
Mkbrainmask-Run-Time-Sec 2
 
mkbrainmask Done
mri_binarize --i 006/masks/brain.nii.gz --min 0.5 --zero-edges --erode 3 --o 006/masks/brain.e3.nii.gz

$Id: mri_binarize.c,v 1.43 2016/06/09 20:46:21 greve Exp $
cwd /scratch/groups/lisik3/mcmahoneg/mri_data_anlys/studies/cont_actions/unpackdata/s001/bold
cmdline mri_binarize.bin --i 006/masks/brain.nii.gz --min 0.5 --zero-edges --erode 3 --o 006/masks/brain.e3.nii.gz 
sysname  Linux
hostname compute0199
machine  x86_64
user     emcmaho7@jhu.edu

input      006/masks/brain.nii.gz
frame      0
nErode3d   3
nErode2d   0
output     006/masks/brain.e3.nii.gz
Binarizing based on threshold
min        0.5
max        +infinity
binval        1
binvalnot     0
fstart = 0, fend = 0, nframes = 1
Found 58080 values in range
Eroding 3 voxels in 3d
Counting number of voxels in first frame
Found 27244 voxels in final mask
Count: 27244 721084.641884 217600 12.520221
mri_binarize done
mkbrainmask -i 007/template.nii.gz -o 007/masks/brain.nii.gz -reg /scratch/groups/lisik3/mcmahoneg/mri_data_anlys/studies/cont_actions/unpackdata/s001/bold/007/register.dof6.lta -ndil 1 -nerode 0
Fri Feb 21 10:50:06 EST 2020

setenv SUBJECTS_DIR /scratch/groups/lisik3/mcmahoneg/mri_data_anlys/subjects
cd /scratch/groups/lisik3/mcmahoneg/mri_data_anlys/studies/cont_actions/unpackdata/s001/bold
/software/apps/freesurfer/6.0.0/fsfast/bin/mkbrainmask -i 007/template.nii.gz -o 007/masks/brain.nii.gz -reg /scratch/groups/lisik3/mcmahoneg/mri_data_anlys/studies/cont_actions/unpackdata/s001/bold/007/register.dof6.lta -ndil 1 -nerode 0

freesurfer-Linux-centos6_x86_64-stable-pub-v6.0.0-2beb96c
$Id: mkbrainmask,v 1.17 2015/12/10 22:51:30 zkaufman Exp $
Linux compute0199 3.10.0-862.9.1.el7.x86_64 #1 SMP Mon Jul 16 16:29:36 UTC 2018 x86_64 x86_64 x86_64 GNU/Linux
mri_vol2vol --mov 007/template.nii.gz --reg /scratch/groups/lisik3/mcmahoneg/mri_data_anlys/studies/cont_actions/unpackdata/s001/bold/007/register.dof6.lta --inv --interp nearest --o 007/masks/brain.nii.gz --targ /scratch/groups/lisik3/mcmahoneg/mri_data_anlys/subjects/s001/mri/aparc+aseg.mgz
regio_read_register: loading lta

Matrix from regfile:
 0.99872  -0.05030   0.00538   2.30986;
 0.00024   0.11102   0.99382  -19.48830;
-0.05058  -0.99254   0.11089  -2.64995;
 0.00000   0.00000   0.00000   1.00000;

movvol 007/template.nii.gz
targvol /scratch/groups/lisik3/mcmahoneg/mri_data_anlys/subjects/s001/mri/aparc+aseg.mgz
outvol 007/masks/brain.nii.gz
regfile /scratch/groups/lisik3/mcmahoneg/mri_data_anlys/studies/cont_actions/unpackdata/s001/bold/007/register.dof6.lta
invert 1
tal    0
talres 2
regheader 0
noresample 0
interp  nearest (0)
precision  float (3)
Gdiag_no  -1
Synth      0
SynthSeed  1583017950

Invert!
Inverting registration

Final tkRAS-to-tkRAS Matrix is:
 0.99872   0.00024  -0.05058  -2.43627;
-0.05030   0.11102  -0.99254  -0.35034;
 0.00538   0.99382   0.11089   19.64926;
 0.00000   0.00000   0.00000   1.00000;


Vox2Vox Matrix is:
 2.74648  -0.13911  -0.00084   26.15565;
 0.01479   0.30496  -3.47822   154.69060;
 0.13832   2.72950   0.38857   6.33132;
 0.00000   0.00000   0.00000   1.00000;

Resampling
Output registration matrix is identity

mri_vol2vol done
mri_binarize --i 007/masks/brain.nii.gz --o 007/masks/brain.nii.gz --min 0.5

$Id: mri_binarize.c,v 1.43 2016/06/09 20:46:21 greve Exp $
cwd /scratch/groups/lisik3/mcmahoneg/mri_data_anlys/studies/cont_actions/unpackdata/s001/bold
cmdline mri_binarize.bin --i 007/masks/brain.nii.gz --o 007/masks/brain.nii.gz --min 0.5 
sysname  Linux
hostname compute0199
machine  x86_64
user     emcmaho7@jhu.edu

input      007/masks/brain.nii.gz
frame      0
nErode3d   0
nErode2d   0
output     007/masks/brain.nii.gz
Binarizing based on threshold
min        0.5
max        +infinity
binval        1
binvalnot     0
fstart = 0, fend = 0, nframes = 1
Found 41144 values in range
Counting number of voxels in first frame
Found 41144 voxels in final mask
Count: 41144 1088984.969376 217600 18.908088
mri_binarize done
Diliating 1
mri_binarize --i 007/masks/brain.nii.gz --min 0.5 --dilate 1 --o 007/masks/brain.nii.gz

$Id: mri_binarize.c,v 1.43 2016/06/09 20:46:21 greve Exp $
cwd /scratch/groups/lisik3/mcmahoneg/mri_data_anlys/studies/cont_actions/unpackdata/s001/bold
cmdline mri_binarize.bin --i 007/masks/brain.nii.gz --min 0.5 --dilate 1 --o 007/masks/brain.nii.gz 
sysname  Linux
hostname compute0199
machine  x86_64
user     emcmaho7@jhu.edu

input      007/masks/brain.nii.gz
frame      0
nErode3d   0
nErode2d   0
output     007/masks/brain.nii.gz
Binarizing based on threshold
min        0.5
max        +infinity
binval        1
binvalnot     0
fstart = 0, fend = 0, nframes = 1
Found 41144 values in range
Dilating 1 voxels in 3d
Counting number of voxels in first frame
Found 59186 voxels in final mask
Count: 59186 1566514.300930 217600 27.199449
mri_binarize done
 
Started at Fri Feb 21 10:50:06 EST 2020 
Ended   at Fri Feb 21 10:50:07 EST 2020
Mkbrainmask-Run-Time-Sec 1
 
mkbrainmask Done
mri_binarize --i 007/masks/brain.nii.gz --min 0.5 --zero-edges --erode 3 --o 007/masks/brain.e3.nii.gz

$Id: mri_binarize.c,v 1.43 2016/06/09 20:46:21 greve Exp $
cwd /scratch/groups/lisik3/mcmahoneg/mri_data_anlys/studies/cont_actions/unpackdata/s001/bold
cmdline mri_binarize.bin --i 007/masks/brain.nii.gz --min 0.5 --zero-edges --erode 3 --o 007/masks/brain.e3.nii.gz 
sysname  Linux
hostname compute0199
machine  x86_64
user     emcmaho7@jhu.edu

input      007/masks/brain.nii.gz
frame      0
nErode3d   3
nErode2d   0
output     007/masks/brain.e3.nii.gz
Binarizing based on threshold
min        0.5
max        +infinity
binval        1
binvalnot     0
fstart = 0, fend = 0, nframes = 1
Found 57978 values in range
Eroding 3 voxels in 3d
Counting number of voxels in first frame
Found 27231 voxels in final mask
Count: 27231 720740.562441 217600 12.514246
mri_binarize done
mkbrainmask -i 008/template.nii.gz -o 008/masks/brain.nii.gz -reg /scratch/groups/lisik3/mcmahoneg/mri_data_anlys/studies/cont_actions/unpackdata/s001/bold/008/register.dof6.lta -ndil 1 -nerode 0
Fri Feb 21 10:50:08 EST 2020

setenv SUBJECTS_DIR /scratch/groups/lisik3/mcmahoneg/mri_data_anlys/subjects
cd /scratch/groups/lisik3/mcmahoneg/mri_data_anlys/studies/cont_actions/unpackdata/s001/bold
/software/apps/freesurfer/6.0.0/fsfast/bin/mkbrainmask -i 008/template.nii.gz -o 008/masks/brain.nii.gz -reg /scratch/groups/lisik3/mcmahoneg/mri_data_anlys/studies/cont_actions/unpackdata/s001/bold/008/register.dof6.lta -ndil 1 -nerode 0

freesurfer-Linux-centos6_x86_64-stable-pub-v6.0.0-2beb96c
$Id: mkbrainmask,v 1.17 2015/12/10 22:51:30 zkaufman Exp $
Linux compute0199 3.10.0-862.9.1.el7.x86_64 #1 SMP Mon Jul 16 16:29:36 UTC 2018 x86_64 x86_64 x86_64 GNU/Linux
mri_vol2vol --mov 008/template.nii.gz --reg /scratch/groups/lisik3/mcmahoneg/mri_data_anlys/studies/cont_actions/unpackdata/s001/bold/008/register.dof6.lta --inv --interp nearest --o 008/masks/brain.nii.gz --targ /scratch/groups/lisik3/mcmahoneg/mri_data_anlys/subjects/s001/mri/aparc+aseg.mgz
regio_read_register: loading lta

Matrix from regfile:
 0.99864  -0.05205   0.00291   2.27866;
 0.00268   0.10695   0.99426  -19.58720;
-0.05206  -0.99290   0.10694  -2.59767;
 0.00000   0.00000   0.00000   1.00000;

movvol 008/template.nii.gz
targvol /scratch/groups/lisik3/mcmahoneg/mri_data_anlys/subjects/s001/mri/aparc+aseg.mgz
outvol 008/masks/brain.nii.gz
regfile /scratch/groups/lisik3/mcmahoneg/mri_data_anlys/studies/cont_actions/unpackdata/s001/bold/008/register.dof6.lta
invert 1
tal    0
talres 2
regheader 0
noresample 0
interp  nearest (0)
precision  float (3)
Gdiag_no  -1
Synth      0
SynthSeed  1582571519

Invert!
Inverting registration

Final tkRAS-to-tkRAS Matrix is:
 0.99864   0.00268  -0.05206  -2.35826;
-0.05205   0.10695  -0.99290  -0.36582;
 0.00291   0.99426   0.10694   19.74597;
 0.00000   0.00000   0.00000   1.00000;


Vox2Vox Matrix is:
 2.74626  -0.14317  -0.00939   26.39399;
 0.00799   0.29409  -3.47977   155.32687;
 0.14313   2.73048   0.37430   6.32652;
 0.00000   0.00000   0.00000   1.00000;

Resampling
Output registration matrix is identity

mri_vol2vol done
mri_binarize --i 008/masks/brain.nii.gz --o 008/masks/brain.nii.gz --min 0.5

$Id: mri_binarize.c,v 1.43 2016/06/09 20:46:21 greve Exp $
cwd /scratch/groups/lisik3/mcmahoneg/mri_data_anlys/studies/cont_actions/unpackdata/s001/bold
cmdline mri_binarize.bin --i 008/masks/brain.nii.gz --o 008/masks/brain.nii.gz --min 0.5 
sysname  Linux
hostname compute0199
machine  x86_64
user     emcmaho7@jhu.edu

input      008/masks/brain.nii.gz
frame      0
nErode3d   0
nErode2d   0
output     008/masks/brain.nii.gz
Binarizing based on threshold
min        0.5
max        +infinity
binval        1
binvalnot     0
fstart = 0, fend = 0, nframes = 1
Found 41178 values in range
Counting number of voxels in first frame
Found 41178 voxels in final mask
Count: 41178 1089884.869457 217600 18.923713
mri_binarize done
Diliating 1
mri_binarize --i 008/masks/brain.nii.gz --min 0.5 --dilate 1 --o 008/masks/brain.nii.gz

$Id: mri_binarize.c,v 1.43 2016/06/09 20:46:21 greve Exp $
cwd /scratch/groups/lisik3/mcmahoneg/mri_data_anlys/studies/cont_actions/unpackdata/s001/bold
cmdline mri_binarize.bin --i 008/masks/brain.nii.gz --min 0.5 --dilate 1 --o 008/masks/brain.nii.gz 
sysname  Linux
hostname compute0199
machine  x86_64
user     emcmaho7@jhu.edu

input      008/masks/brain.nii.gz
frame      0
nErode3d   0
nErode2d   0
output     008/masks/brain.nii.gz
Binarizing based on threshold
min        0.5
max        +infinity
binval        1
binvalnot     0
fstart = 0, fend = 0, nframes = 1
Found 41178 values in range
Dilating 1 voxels in 3d
Counting number of voxels in first frame
Found 59219 voxels in final mask
Count: 59219 1567387.733362 217600 27.214614
mri_binarize done
 
Started at Fri Feb 21 10:50:08 EST 2020 
Ended   at Fri Feb 21 10:50:09 EST 2020
Mkbrainmask-Run-Time-Sec 1
 
mkbrainmask Done
mri_binarize --i 008/masks/brain.nii.gz --min 0.5 --zero-edges --erode 3 --o 008/masks/brain.e3.nii.gz

$Id: mri_binarize.c,v 1.43 2016/06/09 20:46:21 greve Exp $
cwd /scratch/groups/lisik3/mcmahoneg/mri_data_anlys/studies/cont_actions/unpackdata/s001/bold
cmdline mri_binarize.bin --i 008/masks/brain.nii.gz --min 0.5 --zero-edges --erode 3 --o 008/masks/brain.e3.nii.gz 
sysname  Linux
hostname compute0199
machine  x86_64
user     emcmaho7@jhu.edu

input      008/masks/brain.nii.gz
frame      0
nErode3d   3
nErode2d   0
output     008/masks/brain.e3.nii.gz
Binarizing based on threshold
min        0.5
max        +infinity
binval        1
binvalnot     0
fstart = 0, fend = 0, nframes = 1
Found 58011 values in range
Eroding 3 voxels in 3d
Counting number of voxels in first frame
Found 27010 voxels in final mask
Count: 27010 714891.211910 217600 12.412684
mri_binarize done
mkbrainmask -i 009/template.nii.gz -o 009/masks/brain.nii.gz -reg /scratch/groups/lisik3/mcmahoneg/mri_data_anlys/studies/cont_actions/unpackdata/s001/bold/009/register.dof6.lta -ndil 1 -nerode 0
Fri Feb 21 10:50:09 EST 2020

setenv SUBJECTS_DIR /scratch/groups/lisik3/mcmahoneg/mri_data_anlys/subjects
cd /scratch/groups/lisik3/mcmahoneg/mri_data_anlys/studies/cont_actions/unpackdata/s001/bold
/software/apps/freesurfer/6.0.0/fsfast/bin/mkbrainmask -i 009/template.nii.gz -o 009/masks/brain.nii.gz -reg /scratch/groups/lisik3/mcmahoneg/mri_data_anlys/studies/cont_actions/unpackdata/s001/bold/009/register.dof6.lta -ndil 1 -nerode 0

freesurfer-Linux-centos6_x86_64-stable-pub-v6.0.0-2beb96c
$Id: mkbrainmask,v 1.17 2015/12/10 22:51:30 zkaufman Exp $
Linux compute0199 3.10.0-862.9.1.el7.x86_64 #1 SMP Mon Jul 16 16:29:36 UTC 2018 x86_64 x86_64 x86_64 GNU/Linux
mri_vol2vol --mov 009/template.nii.gz --reg /scratch/groups/lisik3/mcmahoneg/mri_data_anlys/studies/cont_actions/unpackdata/s001/bold/009/register.dof6.lta --inv --interp nearest --o 009/masks/brain.nii.gz --targ /scratch/groups/lisik3/mcmahoneg/mri_data_anlys/subjects/s001/mri/aparc+aseg.mgz
regio_read_register: loading lta

Matrix from regfile:
 0.99897  -0.04544   0.00064   2.31433;
 0.00424   0.10709   0.99424  -19.77132;
-0.04525  -0.99321   0.10718  -1.70073;
 0.00000   0.00000   0.00000   1.00000;

movvol 009/template.nii.gz
targvol /scratch/groups/lisik3/mcmahoneg/mri_data_anlys/subjects/s001/mri/aparc+aseg.mgz
outvol 009/masks/brain.nii.gz
regfile /scratch/groups/lisik3/mcmahoneg/mri_data_anlys/studies/cont_actions/unpackdata/s001/bold/009/register.dof6.lta
invert 1
tal    0
talres 2
regheader 0
noresample 0
interp  nearest (0)
precision  float (3)
Gdiag_no  -1
Synth      0
SynthSeed  1583175086

Invert!
Inverting registration

Final tkRAS-to-tkRAS Matrix is:
 0.99897   0.00424  -0.04525  -2.30509;
-0.04544   0.10709  -0.99321   0.53338;
 0.00064   0.99424   0.10718   19.83824;
 0.00000   0.00000   0.00000   1.00000;


Vox2Vox Matrix is:
 2.74716  -0.12443  -0.01483   25.64819;
 0.00175   0.29473  -3.47969   155.45721;
 0.12496   2.73133   0.37481   7.90989;
 0.00000   0.00000   0.00000   1.00000;

Resampling
Output registration matrix is identity

mri_vol2vol done
mri_binarize --i 009/masks/brain.nii.gz --o 009/masks/brain.nii.gz --min 0.5

$Id: mri_binarize.c,v 1.43 2016/06/09 20:46:21 greve Exp $
cwd /scratch/groups/lisik3/mcmahoneg/mri_data_anlys/studies/cont_actions/unpackdata/s001/bold
cmdline mri_binarize.bin --i 009/masks/brain.nii.gz --o 009/masks/brain.nii.gz --min 0.5 
sysname  Linux
hostname compute0199
machine  x86_64
user     emcmaho7@jhu.edu

input      009/masks/brain.nii.gz
frame      0
nErode3d   0
nErode2d   0
output     009/masks/brain.nii.gz
Binarizing based on threshold
min        0.5
max        +infinity
binval        1
binvalnot     0
fstart = 0, fend = 0, nframes = 1
Found 41124 values in range
Counting number of voxels in first frame
Found 41124 voxels in final mask
Count: 41124 1088455.616386 217600 18.898897
mri_binarize done
Diliating 1
mri_binarize --i 009/masks/brain.nii.gz --min 0.5 --dilate 1 --o 009/masks/brain.nii.gz

$Id: mri_binarize.c,v 1.43 2016/06/09 20:46:21 greve Exp $
cwd /scratch/groups/lisik3/mcmahoneg/mri_data_anlys/studies/cont_actions/unpackdata/s001/bold
cmdline mri_binarize.bin --i 009/masks/brain.nii.gz --min 0.5 --dilate 1 --o 009/masks/brain.nii.gz 
sysname  Linux
hostname compute0199
machine  x86_64
user     emcmaho7@jhu.edu

input      009/masks/brain.nii.gz
frame      0
nErode3d   0
nErode2d   0
output     009/masks/brain.nii.gz
Binarizing based on threshold
min        0.5
max        +infinity
binval        1
binvalnot     0
fstart = 0, fend = 0, nframes = 1
Found 41124 values in range
Dilating 1 voxels in 3d
Counting number of voxels in first frame
Found 59184 voxels in final mask
Count: 59184 1566461.365631 217600 27.198529
mri_binarize done
 
Started at Fri Feb 21 10:50:09 EST 2020 
Ended   at Fri Feb 21 10:50:11 EST 2020
Mkbrainmask-Run-Time-Sec 2
 
mkbrainmask Done
mri_binarize --i 009/masks/brain.nii.gz --min 0.5 --zero-edges --erode 3 --o 009/masks/brain.e3.nii.gz

$Id: mri_binarize.c,v 1.43 2016/06/09 20:46:21 greve Exp $
cwd /scratch/groups/lisik3/mcmahoneg/mri_data_anlys/studies/cont_actions/unpackdata/s001/bold
cmdline mri_binarize.bin --i 009/masks/brain.nii.gz --min 0.5 --zero-edges --erode 3 --o 009/masks/brain.e3.nii.gz 
sysname  Linux
hostname compute0199
machine  x86_64
user     emcmaho7@jhu.edu

input      009/masks/brain.nii.gz
frame      0
nErode3d   3
nErode2d   0
output     009/masks/brain.e3.nii.gz
Binarizing based on threshold
min        0.5
max        +infinity
binval        1
binvalnot     0
fstart = 0, fend = 0, nframes = 1
Found 57974 values in range
Eroding 3 voxels in 3d
